=== G-MEAN OPTIMIZATION SUMMARY ===
Ruleset: RS4
Scenario: Priority <= 3
Method: External CSV Ordered Backward Elimination + Static Pruning

[PRUNING 500]
Active Rules: 660
Removed SIDs: 1, 3, 4, 5, 12, 14, 15, 18, 19, 20, 28, 33, 254, 366, 368, 384, 408, 449, 1411, 1417, 1448, 1917, 2924, 4060, 5730, 11192, 13974, 15306, 16418, 20212, 20528, 21232, 27938, 28069, 28993, 29456, 29957, 31767, 32481, 40186, 42340, 42944, 43496, 44416, 44484, 44485, 44486, 44487, 44488, 44489, 50447, 50633, 51127, 57756, 59258
Detection Rate (PCAPs): 0.654545
Raw Alerts (Attacks): 845850
Diff Alerts/Flow (Attacks): 175220
Raw Alerts (Legitimate): 49025
Diff Alerts/Flow (Legitimate): 11791
Raw Alerts (Total): 894875
Usability (FP_Alerts/TP_Alerts): 0.058
G-Mean: 0.808983

[PRUNING 1000]
Active Rules: 669
Removed SIDs: 1, 3, 4, 12, 14, 15, 18, 19, 20, 28, 33, 254, 366, 384, 408, 449, 1411, 1417, 1448, 1917, 2924, 4060, 5730, 20212, 20528, 21232, 27938, 28993, 29456, 29957, 31767, 32481, 40186, 42340, 42944, 43496, 44484, 44485, 44486, 44487, 44488, 44489, 50447, 50633, 51127, 57756
Detection Rate (PCAPs): 0.654545
Raw Alerts (Attacks): 846114
Diff Alerts/Flow (Attacks): 175327
Raw Alerts (Legitimate): 69716
Diff Alerts/Flow (Legitimate): 18657
Raw Alerts (Total): 915830
Usability (FP_Alerts/TP_Alerts): 0.0824
G-Mean: 0.808957

[CONSERVATIVE PRUNING]
Active Rules: 564
Removed SIDs: 2, 6, 22, 26, 368, 369, 372, 373, 381, 382, 385, 396, 399, 401, 404, 449, 566, 579, 649, 650, 1010, 1136, 1280, 1413, 1447, 1616, 1735, 2003, 2004, 2049, 2050, 2339, 2418, 2924, 3679, 3822, 4060, 4990, 5318, 6699, 11263, 11968, 12065, 12066, 12632, 13913, 13974, 14019, 15517, 15850, 15873, 16008, 16282, 16301, 16418, 16510, 17110, 17152, 17494, 18174, 18474, 18611, 20212, 20528, 20566, 21214, 21232, 23493, 24304, 24889, 25664, 26317, 26989, 27899, 27938, 28039, 28069, 28313, 28321, 28555, 28556, 28557, 28993, 29509, 29519, 29639, 29957, 30342, 30490, 31136, 31212, 31341, 31399, 33561, 34799, 35180, 35193, 35527, 37545, 37909, 38038, 38104, 38381, 39320, 39488, 40186, 41054, 41055, 41056, 41057, 41061, 41063, 41065, 41066, 41067, 41068, 41071, 41072, 41074, 41075, 41077, 41186, 42016, 42017, 42255, 42340, 42946, 43359, 43362, 43496, 43755, 44416, 44455, 44651, 44679, 45578, 45941, 46373, 47082, 48134, 48326, 48331, 48894, 50633, 51000, 51127, 51284, 51333, 51344, 57878, 65062
Detection Rate (PCAPs): 0.945455
Raw Alerts (Attacks): 1799319
Diff Alerts/Flow (Attacks): 383176
Raw Alerts (Legitimate): 13685475
Diff Alerts/Flow (Legitimate): 12242005
Raw Alerts (Total): 15484794
Usability (FP_Alerts/TP_Alerts): 7.6059
G-Mean: 0.929106

[500+CONSERVATIVE]
Active Rules: 528
Removed SIDs: 1, 2, 3, 4, 5, 6, 12, 14, 15, 18, 19, 20, 22, 26, 28, 33, 254, 366, 368, 369, 372, 373, 381, 382, 384, 385, 396, 399, 401, 404, 408, 449, 566, 579, 649, 650, 1010, 1136, 1280, 1411, 1413, 1417, 1447, 1448, 1616, 1735, 1917, 2003, 2004, 2049, 2050, 2339, 2418, 2924, 3679, 3822, 4060, 4990, 5318, 5730, 6699, 11192, 11263, 11968, 12065, 12066, 12632, 13913, 13974, 14019, 15306, 15517, 15850, 15873, 16008, 16282, 16301, 16418, 16510, 17110, 17152, 17494, 18174, 18474, 18611, 20212, 20528, 20566, 21214, 21232, 23493, 24304, 24889, 25664, 26317, 26989, 27899, 27938, 28039, 28069, 28313, 28321, 28555, 28556, 28557, 28993, 29456, 29509, 29519, 29639, 29957, 30342, 30490, 31136, 31212, 31341, 31399, 31767, 32481, 33561, 34799, 35180, 35193, 35527, 37545, 37909, 38038, 38104, 38381, 39320, 39488, 40186, 41054, 41055, 41056, 41057, 41061, 41063, 41065, 41066, 41067, 41068, 41071, 41072, 41074, 41075, 41077, 41186, 42016, 42017, 42255, 42340, 42944, 42946, 43359, 43362, 43496, 43755, 44416, 44455, 44484, 44485, 44486, 44487, 44488, 44489, 44651, 44679, 45578, 45941, 46373, 47082, 48134, 48326, 48331, 48894, 50447, 50633, 51000, 51127, 51284, 51333, 51344, 57756, 57878, 59258, 65062
Detection Rate (PCAPs): 0.654545
Raw Alerts (Attacks): 845850
Diff Alerts/Flow (Attacks): 175220
Raw Alerts (Legitimate): 3945
Diff Alerts/Flow (Legitimate): 1807
Raw Alerts (Total): 849795
Usability (FP_Alerts/TP_Alerts): 0.0047
G-Mean: 0.809031

[1000+CONSERVATIVE]
Active Rules: 532
Removed SIDs: 1, 2, 3, 4, 6, 12, 14, 15, 18, 19, 20, 22, 26, 28, 33, 254, 366, 368, 369, 372, 373, 381, 382, 384, 385, 396, 399, 401, 404, 408, 449, 566, 579, 649, 650, 1010, 1136, 1280, 1411, 1413, 1417, 1447, 1448, 1616, 1735, 1917, 2003, 2004, 2049, 2050, 2339, 2418, 2924, 3679, 3822, 4060, 4990, 5318, 5730, 6699, 11263, 11968, 12065, 12066, 12632, 13913, 13974, 14019, 15517, 15850, 15873, 16008, 16282, 16301, 16418, 16510, 17110, 17152, 17494, 18174, 18474, 18611, 20212, 20528, 20566, 21214, 21232, 23493, 24304, 24889, 25664, 26317, 26989, 27899, 27938, 28039, 28069, 28313, 28321, 28555, 28556, 28557, 28993, 29456, 29509, 29519, 29639, 29957, 30342, 30490, 31136, 31212, 31341, 31399, 31767, 32481, 33561, 34799, 35180, 35193, 35527, 37545, 37909, 38038, 38104, 38381, 39320, 39488, 40186, 41054, 41055, 41056, 41057, 41061, 41063, 41065, 41066, 41067, 41068, 41071, 41072, 41074, 41075, 41077, 41186, 42016, 42017, 42255, 42340, 42944, 42946, 43359, 43362, 43496, 43755, 44416, 44455, 44484, 44485, 44486, 44487, 44488, 44489, 44651, 44679, 45578, 45941, 46373, 47082, 48134, 48326, 48331, 48894, 50447, 50633, 51000, 51127, 51284, 51333, 51344, 57756, 57878, 65062
Detection Rate (PCAPs): 0.654545
Raw Alerts (Attacks): 846114
Diff Alerts/Flow (Attacks): 175327
Raw Alerts (Legitimate): 14797
Diff Alerts/Flow (Legitimate): 5194
Raw Alerts (Total): 860911
Usability (FP_Alerts/TP_Alerts): 0.0175
G-Mean: 0.809019

[AGRESIVE PRUNING]
Active Rules: 532
Removed SIDs: 1, 2, 3, 4, 5, 6, 7, 8, 18, 19, 22, 26, 28, 254, 368, 369, 372, 373, 381, 382, 385, 396, 399, 401, 404, 449, 566, 579, 649, 650, 853, 882, 895, 1010, 1136, 1201, 1280, 1413, 1417, 1418, 1420, 1447, 1448, 1616, 1735, 1917, 2003, 2004, 2049, 2050, 2339, 2418, 2924, 3679, 3822, 4060, 4990, 5318, 5730, 6699, 11263, 11968, 12065, 12066, 12632, 13913, 13974, 14019, 15517, 15850, 15873, 16008, 16282, 16301, 16418, 16510, 16642, 17110, 17152, 17458, 17494, 18174, 18474, 18611, 20212, 20528, 20566, 21214, 21232, 23493, 23861, 24096, 24304, 24889, 25664, 26317, 26989, 27899, 27938, 28039, 28069, 28313, 28321, 28555, 28556, 28557, 28993, 29509, 29519, 29639, 29957, 30342, 30490, 31136, 31212, 31341, 31399, 32481, 33561, 34799, 35180, 35193, 35527, 37545, 37909, 38038, 38104, 38381, 39320, 39488, 40186, 41054, 41055, 41056, 41057, 41061, 41063, 41065, 41066, 41067, 41068, 41071, 41072, 41074, 41075, 41077, 41186, 42016, 42017, 42255, 42340, 42944, 42946, 43359, 43362, 43496, 43755, 43808, 44416, 44455, 44486, 44489, 44651, 44679, 45578, 45941, 46373, 47082, 48134, 48326, 48331, 48894, 49040, 50633, 51000, 51127, 51284, 51333, 51344, 57756, 57878, 59258, 65062
Detection Rate (PCAPs): 0.945455
Raw Alerts (Attacks): 1795071
Diff Alerts/Flow (Attacks): 381783
Raw Alerts (Legitimate): 5473184
Diff Alerts/Flow (Legitimate): 4485988
Raw Alerts (Total): 7268255
Usability (FP_Alerts/TP_Alerts): 3.049
G-Mean: 0.955568

