=== G-MEAN OPTIMIZATION SUMMARY ===
Ruleset: RS4
Scenario: Priority <= 2
Method: External CSV Ordered Backward Elimination + Static Pruning

[PRUNING 500]
Active Rules: 602
Removed SIDs: 1, 4, 5, 12, 14, 15, 19, 20, 28, 254, 1411, 1417, 2924, 11192, 13974, 15306, 16418, 20212, 20528, 27938, 28069, 28993, 29456, 29957, 31767, 32481, 40186, 42340, 42944, 43496, 44484, 44485, 44486, 44487, 44488, 44489, 50447, 50633, 51127, 57756, 59258
Detection Rate (PCAPs): 0.536364
Raw Alerts (Attacks): 520994
Diff Alerts/Flow (Attacks): 171675
Raw Alerts (Legitimate): 26361
Diff Alerts/Flow (Legitimate): 8505
Raw Alerts (Total): 547355
Usability (FP_Alerts/TP_Alerts): 0.0506
G-Mean: 0.732331

[PRUNING 1000]
Active Rules: 609
Removed SIDs: 1, 4, 12, 14, 15, 19, 20, 28, 254, 1411, 1417, 2924, 20212, 20528, 27938, 28993, 29456, 29957, 31767, 32481, 40186, 42340, 42944, 43496, 44484, 44485, 44486, 44487, 44488, 44489, 50447, 50633, 51127, 57756
Detection Rate (PCAPs): 0.536364
Raw Alerts (Attacks): 521258
Diff Alerts/Flow (Attacks): 171782
Raw Alerts (Legitimate): 39371
Diff Alerts/Flow (Legitimate): 14048
Raw Alerts (Total): 560629
Usability (FP_Alerts/TP_Alerts): 0.0755
G-Mean: 0.732313

[CONSERVATIVE PRUNING]
Active Rules: 535
Removed SIDs: 2, 18, 26, 28, 385, 579, 649, 650, 1010, 1136, 1280, 1413, 1616, 1735, 2003, 2004, 2050, 2339, 2418, 2924, 3679, 4990, 5318, 6699, 11263, 12065, 12066, 12632, 13913, 13974, 14019, 15517, 15850, 15873, 16282, 16301, 16418, 16510, 17152, 17494, 18174, 18611, 20212, 20528, 20566, 21214, 23493, 24889, 25664, 26317, 26989, 27899, 27938, 28069, 28313, 28321, 28555, 28556, 28993, 29509, 29519, 29639, 29957, 30342, 30490, 31136, 31212, 31341, 31399, 33561, 34799, 35180, 35193, 35527, 37545, 38038, 38104, 38381, 39320, 40186, 41186, 42016, 42017, 42255, 42340, 43359, 43362, 43496, 43755, 44455, 44651, 44679, 45578, 45941, 46373, 47082, 48134, 48326, 48331, 48894, 50633, 51000, 51127, 51284, 51333, 51344, 57878, 65062
Detection Rate (PCAPs): 0.872727
Raw Alerts (Attacks): 1471187
Diff Alerts/Flow (Attacks): 378848
Raw Alerts (Legitimate): 6835065
Diff Alerts/Flow (Legitimate): 5634276
Raw Alerts (Total): 8306252
Usability (FP_Alerts/TP_Alerts): 4.646
G-Mean: 0.911515

[500+CONSERVATIVE]
Active Rules: 509
Removed SIDs: 1, 2, 4, 5, 12, 14, 15, 18, 19, 20, 26, 28, 254, 385, 579, 649, 650, 1010, 1136, 1280, 1411, 1413, 1417, 1616, 1735, 2003, 2004, 2050, 2339, 2418, 2924, 3679, 4990, 5318, 6699, 11192, 11263, 12065, 12066, 12632, 13913, 13974, 14019, 15306, 15517, 15850, 15873, 16282, 16301, 16418, 16510, 17152, 17494, 18174, 18611, 20212, 20528, 20566, 21214, 23493, 24889, 25664, 26317, 26989, 27899, 27938, 28069, 28313, 28321, 28555, 28556, 28993, 29456, 29509, 29519, 29639, 29957, 30342, 30490, 31136, 31212, 31341, 31399, 31767, 32481, 33561, 34799, 35180, 35193, 35527, 37545, 38038, 38104, 38381, 39320, 40186, 41186, 42016, 42017, 42255, 42340, 42944, 43359, 43362, 43496, 43755, 44455, 44484, 44485, 44486, 44487, 44488, 44489, 44651, 44679, 45578, 45941, 46373, 47082, 48134, 48326, 48331, 48894, 50447, 50633, 51000, 51127, 51284, 51333, 51344, 57756, 57878, 59258, 65062
Detection Rate (PCAPs): 0.536364
Raw Alerts (Attacks): 520994
Diff Alerts/Flow (Attacks): 171675
Raw Alerts (Legitimate): 2517
Diff Alerts/Flow (Legitimate): 965
Raw Alerts (Total): 523511
Usability (FP_Alerts/TP_Alerts): 0.0048
G-Mean: 0.732364

[1000+CONSERVATIVE]
Active Rules: 513
Removed SIDs: 1, 2, 4, 12, 14, 15, 18, 19, 20, 26, 28, 254, 385, 579, 649, 650, 1010, 1136, 1280, 1411, 1413, 1417, 1616, 1735, 2003, 2004, 2050, 2339, 2418, 2924, 3679, 4990, 5318, 6699, 11263, 12065, 12066, 12632, 13913, 13974, 14019, 15517, 15850, 15873, 16282, 16301, 16418, 16510, 17152, 17494, 18174, 18611, 20212, 20528, 20566, 21214, 23493, 24889, 25664, 26317, 26989, 27899, 27938, 28069, 28313, 28321, 28555, 28556, 28993, 29456, 29509, 29519, 29639, 29957, 30342, 30490, 31136, 31212, 31341, 31399, 31767, 32481, 33561, 34799, 35180, 35193, 35527, 37545, 38038, 38104, 38381, 39320, 40186, 41186, 42016, 42017, 42255, 42340, 42944, 43359, 43362, 43496, 43755, 44455, 44484, 44485, 44486, 44487, 44488, 44489, 44651, 44679, 45578, 45941, 46373, 47082, 48134, 48326, 48331, 48894, 50447, 50633, 51000, 51127, 51284, 51333, 51344, 57756, 57878, 65062
Detection Rate (PCAPs): 0.536364
Raw Alerts (Attacks): 521258
Diff Alerts/Flow (Attacks): 171782
Raw Alerts (Legitimate): 13369
Diff Alerts/Flow (Legitimate): 4352
Raw Alerts (Total): 534627
Usability (FP_Alerts/TP_Alerts): 0.0256
G-Mean: 0.732353

[AGRESIVE PRUNING]
Active Rules: 507
Removed SIDs: 1, 2, 4, 5, 7, 18, 19, 26, 28, 254, 385, 579, 649, 650, 853, 882, 895, 1010, 1136, 1201, 1280, 1413, 1417, 1418, 1420, 1616, 1735, 2003, 2004, 2050, 2339, 2418, 2924, 3679, 4990, 5318, 6699, 11263, 12065, 12066, 12632, 13913, 13974, 14019, 15517, 15850, 15873, 16282, 16301, 16418, 16510, 16642, 17152, 17458, 17494, 18174, 18611, 20212, 20528, 20566, 21214, 22097, 23362, 23493, 23861, 24096, 24889, 25664, 26317, 26989, 27899, 27938, 28069, 28313, 28321, 28555, 28556, 28993, 29456, 29509, 29519, 29639, 29957, 30342, 30490, 31136, 31212, 31341, 31399, 32481, 33561, 34799, 35180, 35193, 35527, 36650, 37545, 38038, 38104, 38381, 39320, 40186, 41186, 42016, 42017, 42255, 42340, 42944, 43359, 43362, 43496, 43755, 43808, 44455, 44486, 44651, 44679, 45578, 45941, 46373, 47082, 48134, 48326, 48331, 48894, 49040, 50633, 51000, 51127, 51284, 51333, 51344, 57756, 57878, 59258, 65062
Detection Rate (PCAPs): 0.854545
Raw Alerts (Attacks): 1469059
Diff Alerts/Flow (Attacks): 378145
Raw Alerts (Legitimate): 4030888
Diff Alerts/Flow (Legitimate): 3230668
Raw Alerts (Total): 5499947
Usability (FP_Alerts/TP_Alerts): 2.7439
G-Mean: 0.914732

