=== G-MEAN OPTIMIZATION SUMMARY ===
Engine: FG | Track: APP | Base Severity >= 5

[PRUNING 500]
Active IDs: 70
Removed IDs: 15895, 15897, 16001, 16009, 16083, 16195, 16206, 16208, 16250, 16267, 16270, 16321, 16331, 16492, 17017, 17136, 24466, 24473, 25843, 27457, 28198, 28877, 30061, 31077, 31349, 31755, 32304, 33053, 33704, 34050, 34527, 34640, 34789, 35284, 35824, 38131, 40503, 41469, 41470, 41475, 42533, 42537, 42662, 42670, 42966, 43349, 43796, 43963, 44611, 44623, 52452, 57032, 60856
Detection Rate (PCAPs): 0.618182
Raw Alerts (Attacks): 183365
Diff Alerts/Flow (Attacks): 183274
Raw Alerts (Legitimate): 132333
Diff Alerts/Flow (Legitimate): 5902
Raw Alerts (Total): 315698
Usability (FP_Alerts/TP_Alerts): 0.7217
G-Mean: 0.786216

[PRUNING 1000]
Active IDs: 75
Removed IDs: 15895, 15897, 16001, 16009, 16083, 16195, 16208, 16250, 16270, 16321, 16331, 16492, 17017, 24466, 24473, 25843, 27457, 28198, 28877, 30061, 31077, 31349, 31755, 32304, 33053, 33704, 34050, 34527, 34640, 34789, 35824, 38131, 40503, 41469, 41470, 41475, 42533, 42537, 42662, 42670, 43349, 43796, 43963, 44611, 44623, 52452, 57032, 60856
Detection Rate (PCAPs): 0.672727
Raw Alerts (Attacks): 194270
Diff Alerts/Flow (Attacks): 183293
Raw Alerts (Legitimate): 222615
Diff Alerts/Flow (Legitimate): 9552
Raw Alerts (Total): 416885
Usability (FP_Alerts/TP_Alerts): 1.1459
G-Mean: 0.820152

[CONSERVATIVE PRUNING]
Active IDs: 48
Removed IDs: 15880, 15985, 16001, 16009, 16040, 16041, 16208, 16253, 16309, 16331, 16435, 16492, 16573, 16613, 16614, 16618, 16632, 16714, 16774, 16996, 17399, 17717, 24473, 25843, 26487, 26631, 27238, 28631, 28632, 28754, 28877, 30061, 30090, 30251, 31077, 31137, 31349, 31613, 31618, 32304, 32447, 33053, 33224, 33661, 33704, 34067, 34527, 34640, 34797, 35284, 35824, 38131, 38732, 40503, 40774, 41470, 41475, 42533, 42537, 42662, 42670, 42781, 42899, 42966, 43349, 43355, 44114, 44467, 45302, 45416, 51609, 52452, 57032, 60099, 60856
Detection Rate (PCAPs): 0.827273
Raw Alerts (Attacks): 353816
Diff Alerts/Flow (Attacks): 342838
Raw Alerts (Legitimate): 13220635
Diff Alerts/Flow (Legitimate): 13005475
Raw Alerts (Total): 13574451
Usability (FP_Alerts/TP_Alerts): 37.3658
G-Mean: 0.837272

[500+CONSERVATIVE]
Active IDs: 26
Removed IDs: 15880, 15895, 15897, 15985, 16001, 16009, 16040, 16041, 16083, 16195, 16206, 16208, 16250, 16253, 16267, 16270, 16309, 16321, 16331, 16435, 16492, 16573, 16613, 16614, 16618, 16632, 16714, 16774, 16996, 17017, 17136, 17399, 17717, 24466, 24473, 25843, 26487, 26631, 27238, 27457, 28198, 28631, 28632, 28754, 28877, 30061, 30090, 30251, 31077, 31137, 31349, 31613, 31618, 31755, 32304, 32447, 33053, 33224, 33661, 33704, 34050, 34067, 34527, 34640, 34789, 34797, 35284, 35824, 38131, 38732, 40503, 40774, 41469, 41470, 41475, 42533, 42537, 42662, 42670, 42781, 42899, 42966, 43349, 43355, 43796, 43963, 44114, 44467, 44611, 44623, 45302, 45416, 51609, 52452, 57032, 60099, 60856
Detection Rate (PCAPs): 0.618182
Raw Alerts (Attacks): 183365
Diff Alerts/Flow (Attacks): 183274
Raw Alerts (Legitimate): 127457
Diff Alerts/Flow (Legitimate): 1030
Raw Alerts (Total): 310822
Usability (FP_Alerts/TP_Alerts): 0.6951
G-Mean: 0.786240

[1000+CONSERVATIVE]
Active IDs: 29
Removed IDs: 15880, 15895, 15897, 15985, 16001, 16009, 16040, 16041, 16083, 16195, 16208, 16250, 16253, 16270, 16309, 16321, 16331, 16435, 16492, 16573, 16613, 16614, 16618, 16632, 16714, 16774, 16996, 17017, 17399, 17717, 24466, 24473, 25843, 26487, 26631, 27238, 27457, 28198, 28631, 28632, 28754, 28877, 30061, 30090, 30251, 31077, 31137, 31349, 31613, 31618, 31755, 32304, 32447, 33053, 33224, 33661, 33704, 34050, 34067, 34527, 34640, 34789, 34797, 35284, 35824, 38131, 38732, 40503, 40774, 41469, 41470, 41475, 42533, 42537, 42662, 42670, 42781, 42899, 42966, 43349, 43355, 43796, 43963, 44114, 44467, 44611, 44623, 45302, 45416, 51609, 52452, 57032, 60099, 60856
Detection Rate (PCAPs): 0.672727
Raw Alerts (Attacks): 194270
Diff Alerts/Flow (Attacks): 183293
Raw Alerts (Legitimate): 216197
Diff Alerts/Flow (Legitimate): 3147
Raw Alerts (Total): 410467
Usability (FP_Alerts/TP_Alerts): 1.1129
G-Mean: 0.820185

[AGRESIVE PRUNING]
Active IDs: 31
Removed IDs: 11767, 15880, 15897, 15985, 16001, 16009, 16040, 16041, 16173, 16195, 16208, 16253, 16267, 16270, 16309, 16331, 16435, 16492, 16573, 16613, 16614, 16618, 16632, 16714, 16774, 16996, 17011, 17017, 17136, 17399, 17717, 24473, 25843, 26487, 26631, 27238, 27457, 28198, 28631, 28632, 28754, 28877, 30061, 30090, 30251, 31077, 31137, 31349, 31613, 31618, 31755, 32304, 32447, 32609, 33053, 33224, 33661, 33704, 34067, 34527, 34640, 34789, 34797, 35284, 35824, 38131, 38732, 40503, 40774, 41470, 41475, 42533, 42537, 42662, 42670, 42781, 42899, 42966, 43349, 43355, 43796, 43963, 44114, 44467, 44611, 45302, 45416, 51609, 52452, 57032, 60099, 60856
Detection Rate (PCAPs): 0.809091
Raw Alerts (Attacks): 352507
Diff Alerts/Flow (Attacks): 341549
Raw Alerts (Legitimate): 2043542
Diff Alerts/Flow (Legitimate): 1956919
Raw Alerts (Total): 2396049
Usability (FP_Alerts/TP_Alerts): 5.7972
G-Mean: 0.888240

