=== G-MEAN OPTIMIZATION SUMMARY ===
Engine: FG | Track: APP | Base Severity >= 4

[PRUNING 500]
Active IDs: 125
Removed IDs: 6, 12090, 15511, 15895, 15897, 16001, 16009, 16083, 16178, 16195, 16206, 16208, 16250, 16267, 16270, 16321, 16331, 16492, 17017, 17136, 24466, 24473, 25843, 27457, 28198, 28877, 30061, 31077, 31349, 31755, 32304, 33053, 33106, 33704, 34050, 34527, 34640, 34789, 35284, 35824, 38131, 40503, 41469, 41470, 41475, 42533, 42537, 42662, 42670, 42966, 43349, 43796, 43963, 44611, 44623, 52452, 57032, 60856
Detection Rate (PCAPs): 0.690909
Raw Alerts (Attacks): 183723
Diff Alerts/Flow (Attacks): 183562
Raw Alerts (Legitimate): 132394
Diff Alerts/Flow (Legitimate): 5963
Raw Alerts (Total): 316117
Usability (FP_Alerts/TP_Alerts): 0.7206
G-Mean: 0.831178

[PRUNING 1000]
Active IDs: 130
Removed IDs: 6, 12090, 15511, 15895, 15897, 16001, 16009, 16083, 16178, 16195, 16208, 16250, 16270, 16321, 16331, 16492, 17017, 24466, 24473, 25843, 27457, 28198, 28877, 30061, 31077, 31349, 31755, 32304, 33053, 33106, 33704, 34050, 34527, 34640, 34789, 35824, 38131, 40503, 41469, 41470, 41475, 42533, 42537, 42662, 42670, 43349, 43796, 43963, 44611, 44623, 52452, 57032, 60856
Detection Rate (PCAPs): 0.745455
Raw Alerts (Attacks): 194628
Diff Alerts/Flow (Attacks): 183581
Raw Alerts (Legitimate): 222676
Diff Alerts/Flow (Legitimate): 9613
Raw Alerts (Total): 417304
Usability (FP_Alerts/TP_Alerts): 1.1441
G-Mean: 0.863346

[CONSERVATIVE PRUNING]
Active IDs: 105
Removed IDs: 6, 15880, 15985, 16001, 16009, 16040, 16041, 16178, 16208, 16253, 16309, 16331, 16435, 16492, 16573, 16613, 16614, 16618, 16632, 16714, 16774, 16996, 17399, 17717, 24473, 25843, 26487, 26631, 27238, 28631, 28632, 28754, 28877, 30061, 30090, 30251, 31077, 31137, 31349, 31613, 31618, 32304, 32447, 33053, 33224, 33661, 33704, 34067, 34527, 34640, 34797, 35284, 35824, 38131, 38732, 40503, 40774, 41470, 41475, 42533, 42537, 42662, 42670, 42781, 42899, 42966, 43349, 43355, 44114, 44467, 45302, 45416, 45650, 51609, 52452, 57032, 60099, 60856
Detection Rate (PCAPs): 0.872727
Raw Alerts (Attacks): 354219
Diff Alerts/Flow (Attacks): 343171
Raw Alerts (Legitimate): 21291554
Diff Alerts/Flow (Legitimate): 21058053
Raw Alerts (Total): 21645773
Usability (FP_Alerts/TP_Alerts): 60.1084
G-Mean: 0.833673

[500+CONSERVATIVE]
Active IDs: 80
Removed IDs: 6, 12090, 15511, 15880, 15895, 15897, 15985, 16001, 16009, 16040, 16041, 16083, 16178, 16195, 16206, 16208, 16250, 16253, 16267, 16270, 16309, 16321, 16331, 16435, 16492, 16573, 16613, 16614, 16618, 16632, 16714, 16774, 16996, 17017, 17136, 17399, 17717, 24466, 24473, 25843, 26487, 26631, 27238, 27457, 28198, 28631, 28632, 28754, 28877, 30061, 30090, 30251, 31077, 31137, 31349, 31613, 31618, 31755, 32304, 32447, 33053, 33106, 33224, 33661, 33704, 34050, 34067, 34527, 34640, 34789, 34797, 35284, 35824, 38131, 38732, 40503, 40774, 41469, 41470, 41475, 42533, 42537, 42662, 42670, 42781, 42899, 42966, 43349, 43355, 43796, 43963, 44114, 44467, 44611, 44623, 45302, 45416, 45650, 51609, 52452, 57032, 60099, 60856
Detection Rate (PCAPs): 0.690909
Raw Alerts (Attacks): 183723
Diff Alerts/Flow (Attacks): 183562
Raw Alerts (Legitimate): 127472
Diff Alerts/Flow (Legitimate): 1045
Raw Alerts (Total): 311195
Usability (FP_Alerts/TP_Alerts): 0.6938
G-Mean: 0.831204

[1000+CONSERVATIVE]
Active IDs: 83
Removed IDs: 6, 12090, 15511, 15880, 15895, 15897, 15985, 16001, 16009, 16040, 16041, 16083, 16178, 16195, 16208, 16250, 16253, 16270, 16309, 16321, 16331, 16435, 16492, 16573, 16613, 16614, 16618, 16632, 16714, 16774, 16996, 17017, 17399, 17717, 24466, 24473, 25843, 26487, 26631, 27238, 27457, 28198, 28631, 28632, 28754, 28877, 30061, 30090, 30251, 31077, 31137, 31349, 31613, 31618, 31755, 32304, 32447, 33053, 33106, 33224, 33661, 33704, 34050, 34067, 34527, 34640, 34789, 34797, 35284, 35824, 38131, 38732, 40503, 40774, 41469, 41470, 41475, 42533, 42537, 42662, 42670, 42781, 42899, 42966, 43349, 43355, 43796, 43963, 44114, 44467, 44611, 44623, 45302, 45416, 45650, 51609, 52452, 57032, 60099, 60856
Detection Rate (PCAPs): 0.745455
Raw Alerts (Attacks): 194628
Diff Alerts/Flow (Attacks): 183581
Raw Alerts (Legitimate): 216212
Diff Alerts/Flow (Legitimate): 3162
Raw Alerts (Total): 410840
Usability (FP_Alerts/TP_Alerts): 1.1109
G-Mean: 0.863382

[AGRESIVE PRUNING]
Active IDs: 85
Removed IDs: 6, 11767, 12090, 15511, 15880, 15895, 15897, 15985, 16001, 16009, 16040, 16041, 16173, 16178, 16195, 16208, 16253, 16267, 16270, 16309, 16331, 16435, 16492, 16573, 16613, 16614, 16618, 16632, 16714, 16774, 16996, 17017, 17136, 17399, 17717, 24473, 25843, 26487, 26631, 27238, 27457, 28198, 28631, 28632, 28754, 28877, 30061, 30090, 30251, 31077, 31137, 31349, 31613, 31618, 31755, 32304, 32447, 32609, 33053, 33106, 33224, 33661, 33704, 34067, 34527, 34640, 34789, 34797, 35284, 35824, 38131, 38732, 40503, 40774, 41470, 41475, 42533, 42537, 42662, 42670, 42781, 42899, 42966, 43349, 43355, 43796, 43963, 44114, 44467, 44611, 45302, 45416, 45650, 51609, 52452, 57032, 60099, 60856
Detection Rate (PCAPs): 0.836364
Raw Alerts (Attacks): 352852
Diff Alerts/Flow (Attacks): 341824
Raw Alerts (Legitimate): 353808
Diff Alerts/Flow (Legitimate): 267185
Raw Alerts (Total): 706660
Usability (FP_Alerts/TP_Alerts): 1.0027
G-Mean: 0.912975

