=== G-MEAN OPTIMIZATION SUMMARY ===
Ruleset: RS6
Scenario: Priority <= 2
Method: External CSV Ordered Backward Elimination + Static Pruning

[PRUNING 500]
Active Rules: 1120
Removed SIDs: 1, 4, 5, 12, 14, 15, 19, 20, 28, 254, 1411, 1417, 2924, 11192, 13974, 15306, 16418, 20212, 20528, 27938, 28069, 28993, 29456, 29957, 31767, 32481, 40186, 42340, 42944, 43496, 44484, 44485, 44486, 44487, 44488, 44489, 50447, 50633, 51127, 57756, 59258, 2001219, 2002749, 2002752, 2002948, 2003020, 2003099, 2003595, 2008578, 2009582, 2009767, 2009768, 2010935, 2010937, 2010939, 2011411, 2011716, 2014384, 2019401, 2021630, 2022218, 2024766, 2025649, 2025650, 2025992, 2027759, 2027865, 2034857, 2100254, 2100312, 2100469, 2100615, 2101280, 2101411, 2101417, 2102924, 2403542
Detection Rate (PCAPs): 0.718182
Raw Alerts (Attacks): 756564
Diff Alerts/Flow (Attacks): 244433
Raw Alerts (Legitimate): 36540
Diff Alerts/Flow (Legitimate): 17022
Raw Alerts (Total): 793104
Usability (FP_Alerts/TP_Alerts): 0.0483
G-Mean: 0.847374

[PRUNING 1000]
Active Rules: 1134
Removed SIDs: 1, 4, 12, 14, 15, 19, 20, 28, 254, 1411, 1417, 2924, 20212, 20528, 27938, 28993, 29456, 29957, 31767, 32481, 40186, 42340, 42944, 43496, 44484, 44485, 44486, 44487, 44488, 44489, 50447, 50633, 51127, 57756, 2001219, 2002749, 2002752, 2002948, 2003020, 2003099, 2003595, 2008578, 2009582, 2009767, 2009768, 2010935, 2010937, 2011716, 2014384, 2019401, 2021630, 2022218, 2024766, 2025649, 2025650, 2025992, 2027759, 2027865, 2034857, 2100254, 2101411, 2101417, 2102924
Detection Rate (PCAPs): 0.718182
Raw Alerts (Attacks): 756837
Diff Alerts/Flow (Attacks): 244549
Raw Alerts (Legitimate): 55195
Diff Alerts/Flow (Legitimate): 27540
Raw Alerts (Total): 812032
Usability (FP_Alerts/TP_Alerts): 0.0729
G-Mean: 0.847330

[CONSERVATIVE PRUNING]
Active Rules: 970
Removed SIDs: 2, 18, 26, 28, 385, 579, 649, 650, 1010, 1136, 1280, 1413, 1616, 1735, 2003, 2004, 2050, 2339, 2418, 2924, 3679, 4990, 5318, 6699, 11263, 12065, 12066, 12632, 13913, 13974, 14019, 15517, 15850, 15873, 16282, 16301, 16418, 16510, 17152, 17494, 18174, 18611, 20212, 20528, 20566, 21214, 23493, 24889, 25664, 26317, 26989, 27899, 27938, 28069, 28313, 28321, 28555, 28556, 28993, 29509, 29519, 29639, 29957, 30342, 30490, 31136, 31212, 31341, 31399, 33561, 34799, 35180, 35193, 35527, 37545, 38038, 38104, 38381, 39320, 40186, 41186, 42016, 42017, 42255, 42340, 43359, 43362, 43496, 43755, 44455, 44651, 44679, 45578, 45941, 46373, 47082, 48134, 48326, 48331, 48894, 50633, 51000, 51127, 51284, 51333, 51344, 57878, 65062, 2000537, 2000538, 2000545, 2001219, 2001264, 2001353, 2001384, 2001608, 2002826, 2002948, 2003006, 2003068, 2003310, 2008470, 2008578, 2009583, 2009584, 2009767, 2009886, 2009970, 2010518, 2011368, 2011408, 2011411, 2011716, 2011764, 2012063, 2012296, 2013273, 2014380, 2014384, 2015856, 2016662, 2016683, 2016778, 2018585, 2019102, 2019401, 2020632, 2021195, 2021630, 2023640, 2024217, 2024930, 2025712, 2025822, 2027412, 2027757, 2027759, 2027865, 2029340, 2029575, 2030390, 2036751, 2045173, 2049956, 2049957, 2053892, 2053893, 2100312, 2100385, 2100579, 2100613, 2100628, 2100649, 2100650, 2101280, 2101413, 2101616, 2102003, 2102336, 2102924, 2400005, 2400010, 2400011, 2400013, 2400014, 2400017, 2400021, 2400032, 2400033, 2400060, 2400061, 2403416, 2403501, 2403506, 2403538, 2403539, 2403540, 2403541, 2403542, 2403543, 2403550, 2403551, 2403560, 2403561, 2403578, 2403579, 2403596, 2403616, 2403618, 2403622, 2403624, 2403652, 2403656, 2403677, 2403678, 2403826, 2403830, 2403838, 2403839, 2403878, 2403882, 2403888, 2522304, 2522312, 2527028, 2527030, 2527036
Detection Rate (PCAPs): 0.990909
Raw Alerts (Attacks): 1698992
Diff Alerts/Flow (Attacks): 449353
Raw Alerts (Legitimate): 10872210
Diff Alerts/Flow (Legitimate): 8842406
Raw Alerts (Total): 12571202
Usability (FP_Alerts/TP_Alerts): 6.3992
G-Mean: 0.958563

[500+CONSERVATIVE]
Active Rules: 923
Removed SIDs: 1, 2, 4, 5, 12, 14, 15, 18, 19, 20, 26, 28, 254, 385, 579, 649, 650, 1010, 1136, 1280, 1411, 1413, 1417, 1616, 1735, 2003, 2004, 2050, 2339, 2418, 2924, 3679, 4990, 5318, 6699, 11192, 11263, 12065, 12066, 12632, 13913, 13974, 14019, 15306, 15517, 15850, 15873, 16282, 16301, 16418, 16510, 17152, 17494, 18174, 18611, 20212, 20528, 20566, 21214, 23493, 24889, 25664, 26317, 26989, 27899, 27938, 28069, 28313, 28321, 28555, 28556, 28993, 29456, 29509, 29519, 29639, 29957, 30342, 30490, 31136, 31212, 31341, 31399, 31767, 32481, 33561, 34799, 35180, 35193, 35527, 37545, 38038, 38104, 38381, 39320, 40186, 41186, 42016, 42017, 42255, 42340, 42944, 43359, 43362, 43496, 43755, 44455, 44484, 44485, 44486, 44487, 44488, 44489, 44651, 44679, 45578, 45941, 46373, 47082, 48134, 48326, 48331, 48894, 50447, 50633, 51000, 51127, 51284, 51333, 51344, 57756, 57878, 59258, 65062, 2000537, 2000538, 2000545, 2001219, 2001264, 2001353, 2001384, 2001608, 2002749, 2002752, 2002826, 2002948, 2003006, 2003020, 2003068, 2003099, 2003310, 2003595, 2008470, 2008578, 2009582, 2009583, 2009584, 2009767, 2009768, 2009886, 2009970, 2010518, 2010935, 2010937, 2010939, 2011368, 2011408, 2011411, 2011716, 2011764, 2012063, 2012296, 2013273, 2014380, 2014384, 2015856, 2016662, 2016683, 2016778, 2018585, 2019102, 2019401, 2020632, 2021195, 2021630, 2022218, 2023640, 2024217, 2024766, 2024930, 2025649, 2025650, 2025712, 2025822, 2025992, 2027412, 2027757, 2027759, 2027865, 2029340, 2029575, 2030390, 2034857, 2036751, 2045173, 2049956, 2049957, 2053892, 2053893, 2100254, 2100312, 2100385, 2100469, 2100579, 2100613, 2100615, 2100628, 2100649, 2100650, 2101280, 2101411, 2101413, 2101417, 2101616, 2102003, 2102336, 2102924, 2400005, 2400010, 2400011, 2400013, 2400014, 2400017, 2400021, 2400032, 2400033, 2400060, 2400061, 2403416, 2403501, 2403506, 2403538, 2403539, 2403540, 2403541, 2403542, 2403543, 2403550, 2403551, 2403560, 2403561, 2403578, 2403579, 2403596, 2403616, 2403618, 2403622, 2403624, 2403652, 2403656, 2403677, 2403678, 2403826, 2403830, 2403838, 2403839, 2403878, 2403882, 2403888, 2522304, 2522312, 2527028, 2527030, 2527036
Detection Rate (PCAPs): 0.718182
Raw Alerts (Attacks): 756564
Diff Alerts/Flow (Attacks): 244433
Raw Alerts (Legitimate): 4706
Diff Alerts/Flow (Legitimate): 2421
Raw Alerts (Total): 761270
Usability (FP_Alerts/TP_Alerts): 0.0062
G-Mean: 0.847444

[1000+CONSERVATIVE]
Active Rules: 930
Removed SIDs: 1, 2, 4, 12, 14, 15, 18, 19, 20, 26, 28, 254, 385, 579, 649, 650, 1010, 1136, 1280, 1411, 1413, 1417, 1616, 1735, 2003, 2004, 2050, 2339, 2418, 2924, 3679, 4990, 5318, 6699, 11263, 12065, 12066, 12632, 13913, 13974, 14019, 15517, 15850, 15873, 16282, 16301, 16418, 16510, 17152, 17494, 18174, 18611, 20212, 20528, 20566, 21214, 23493, 24889, 25664, 26317, 26989, 27899, 27938, 28069, 28313, 28321, 28555, 28556, 28993, 29456, 29509, 29519, 29639, 29957, 30342, 30490, 31136, 31212, 31341, 31399, 31767, 32481, 33561, 34799, 35180, 35193, 35527, 37545, 38038, 38104, 38381, 39320, 40186, 41186, 42016, 42017, 42255, 42340, 42944, 43359, 43362, 43496, 43755, 44455, 44484, 44485, 44486, 44487, 44488, 44489, 44651, 44679, 45578, 45941, 46373, 47082, 48134, 48326, 48331, 48894, 50447, 50633, 51000, 51127, 51284, 51333, 51344, 57756, 57878, 65062, 2000537, 2000538, 2000545, 2001219, 2001264, 2001353, 2001384, 2001608, 2002749, 2002752, 2002826, 2002948, 2003006, 2003020, 2003068, 2003099, 2003310, 2003595, 2008470, 2008578, 2009582, 2009583, 2009584, 2009767, 2009768, 2009886, 2009970, 2010518, 2010935, 2010937, 2011368, 2011408, 2011411, 2011716, 2011764, 2012063, 2012296, 2013273, 2014380, 2014384, 2015856, 2016662, 2016683, 2016778, 2018585, 2019102, 2019401, 2020632, 2021195, 2021630, 2022218, 2023640, 2024217, 2024766, 2024930, 2025649, 2025650, 2025712, 2025822, 2025992, 2027412, 2027757, 2027759, 2027865, 2029340, 2029575, 2030390, 2034857, 2036751, 2045173, 2049956, 2049957, 2053892, 2053893, 2100254, 2100312, 2100385, 2100579, 2100613, 2100628, 2100649, 2100650, 2101280, 2101411, 2101413, 2101417, 2101616, 2102003, 2102336, 2102924, 2400005, 2400010, 2400011, 2400013, 2400014, 2400017, 2400021, 2400032, 2400033, 2400060, 2400061, 2403416, 2403501, 2403506, 2403538, 2403539, 2403540, 2403541, 2403542, 2403543, 2403550, 2403551, 2403560, 2403561, 2403578, 2403579, 2403596, 2403616, 2403618, 2403622, 2403624, 2403652, 2403656, 2403677, 2403678, 2403826, 2403830, 2403838, 2403839, 2403878, 2403882, 2403888, 2522304, 2522312, 2527028, 2527030, 2527036
Detection Rate (PCAPs): 0.718182
Raw Alerts (Attacks): 756837
Diff Alerts/Flow (Attacks): 244549
Raw Alerts (Legitimate): 18104
Diff Alerts/Flow (Legitimate): 8177
Raw Alerts (Total): 774941
Usability (FP_Alerts/TP_Alerts): 0.0239
G-Mean: 0.847419

[AGRESIVE PRUNING]
Active Rules: 905
Removed SIDs: 1, 2, 4, 5, 7, 12, 14, 15, 18, 19, 20, 26, 28, 254, 385, 579, 649, 650, 882, 895, 1010, 1136, 1201, 1280, 1394, 1411, 1413, 1417, 1418, 1420, 1616, 1735, 2003, 2004, 2050, 2339, 2418, 2924, 3679, 4990, 5318, 6699, 11263, 12065, 12066, 12632, 13913, 13974, 14019, 15517, 15850, 15873, 16282, 16301, 16418, 16510, 17152, 17494, 18174, 18611, 20212, 20528, 20566, 21214, 23362, 23493, 23861, 24889, 25664, 26317, 26989, 27899, 27938, 28069, 28313, 28321, 28555, 28556, 28993, 29456, 29509, 29519, 29639, 29957, 30342, 30490, 31136, 31212, 31341, 31399, 31767, 32481, 33561, 34799, 35180, 35193, 35527, 36650, 37545, 38038, 38104, 38381, 39320, 40186, 41186, 41742, 41978, 42016, 42017, 42255, 42340, 42944, 43359, 43362, 43496, 43755, 43808, 44455, 44486, 44489, 44651, 44679, 45578, 45941, 46373, 47082, 48134, 48326, 48331, 48894, 49040, 50447, 50633, 51000, 51127, 51284, 51333, 51344, 57756, 57878, 59258, 59597, 65062, 2000537, 2000538, 2000545, 2001219, 2001264, 2001353, 2001384, 2001608, 2002826, 2002948, 2003006, 2003012, 2003020, 2003068, 2003099, 2003310, 2003595, 2006408, 2006409, 2008470, 2008578, 2009151, 2009582, 2009583, 2009584, 2009767, 2009768, 2009886, 2009970, 2010518, 2010706, 2010935, 2010936, 2010937, 2010938, 2010939, 2011368, 2011408, 2011411, 2011716, 2011764, 2012063, 2012296, 2013273, 2014380, 2014384, 2015856, 2016662, 2016683, 2016778, 2018585, 2019102, 2019401, 2020632, 2021195, 2021630, 2022218, 2023640, 2023753, 2024217, 2024297, 2024766, 2024930, 2025650, 2025712, 2025822, 2027412, 2027413, 2027757, 2027759, 2027865, 2029340, 2029575, 2030390, 2034857, 2036751, 2045173, 2049956, 2049957, 2053892, 2053893, 2100254, 2100312, 2100385, 2100469, 2100472, 2100579, 2100613, 2100615, 2100628, 2100649, 2100650, 2101280, 2101413, 2101418, 2101420, 2101616, 2101620, 2101852, 2102003, 2102336, 2102924, 2400005, 2400010, 2400011, 2400013, 2400014, 2400017, 2400021, 2400032, 2400033, 2400060, 2400061, 2403416, 2403501, 2403506, 2403538, 2403539, 2403540, 2403541, 2403542, 2403543, 2403550, 2403551, 2403560, 2403561, 2403578, 2403579, 2403596, 2403616, 2403618, 2403622, 2403624, 2403652, 2403656, 2403677, 2403678, 2403826, 2403830, 2403838, 2403839, 2403878, 2403882, 2403888, 2522304, 2522312, 2527028, 2527030, 2527036
Detection Rate (PCAPs): 0.990909
Raw Alerts (Attacks): 746365
Diff Alerts/Flow (Attacks): 243310
Raw Alerts (Legitimate): 3477674
Diff Alerts/Flow (Legitimate): 3349312
Raw Alerts (Total): 4224039
Usability (FP_Alerts/TP_Alerts): 4.6595
G-Mean: 0.982194

