=== G-MEAN OPTIMIZATION SUMMARY ===
Engine: FG | Track: APP | Base Severity >= 3

[PRUNING 500]
Active IDs: 178
Removed IDs: 6, 12090, 15511, 15832, 15893, 15895, 15897, 16001, 16009, 16083, 16178, 16195, 16206, 16208, 16250, 16267, 16270, 16321, 16331, 16492, 16864, 17017, 17136, 24466, 24473, 25360, 25843, 27457, 28198, 28877, 30061, 31077, 31349, 31755, 32304, 33053, 33106, 33704, 34050, 34527, 34640, 34789, 35284, 35799, 35824, 35944, 36660, 38131, 40503, 41469, 41470, 41475, 41540, 41542, 42533, 42537, 42662, 42670, 42966, 43349, 43796, 43799, 43963, 44611, 44623, 46289, 52452, 54381, 57032, 60856
Detection Rate (PCAPs): 0.772727
Raw Alerts (Attacks): 807371
Diff Alerts/Flow (Attacks): 806478
Raw Alerts (Legitimate): 132874
Diff Alerts/Flow (Legitimate): 6443
Raw Alerts (Total): 940245
Usability (FP_Alerts/TP_Alerts): 0.1646
G-Mean: 0.879013

[PRUNING 1000]
Active IDs: 184
Removed IDs: 6, 12090, 15511, 15832, 15893, 15895, 15897, 16001, 16009, 16083, 16178, 16195, 16208, 16250, 16270, 16321, 16331, 16492, 17017, 24466, 24473, 25360, 25843, 27457, 28198, 28877, 30061, 31077, 31349, 31755, 32304, 33053, 33106, 33704, 34050, 34527, 34640, 34789, 35799, 35824, 35944, 36660, 38131, 40503, 41469, 41470, 41475, 41540, 41542, 42533, 42537, 42662, 42670, 43349, 43796, 43799, 43963, 44611, 44623, 46289, 52452, 54381, 57032, 60856
Detection Rate (PCAPs): 0.827273
Raw Alerts (Attacks): 818276
Diff Alerts/Flow (Attacks): 806497
Raw Alerts (Legitimate): 223758
Diff Alerts/Flow (Legitimate): 10695
Raw Alerts (Total): 1042034
Usability (FP_Alerts/TP_Alerts): 0.2735
G-Mean: 0.909486

[CONSERVATIVE PRUNING]
Active IDs: 153
Removed IDs: 6, 15832, 15839, 15880, 15985, 16001, 16009, 16040, 16041, 16178, 16208, 16253, 16309, 16331, 16435, 16492, 16573, 16613, 16614, 16618, 16632, 16714, 16774, 16864, 16996, 17399, 17458, 17459, 17717, 24473, 25360, 25843, 26487, 26631, 27210, 27238, 28631, 28632, 28754, 28877, 30061, 30090, 30251, 30703, 31077, 31137, 31349, 31613, 31618, 32304, 32447, 33053, 33224, 33661, 33704, 34067, 34527, 34640, 34797, 35284, 35799, 35824, 35944, 36660, 38131, 38732, 38924, 40503, 40774, 41470, 41475, 41540, 41542, 42533, 42537, 42662, 42670, 42781, 42899, 42966, 43349, 43355, 44114, 44467, 45302, 45416, 45650, 46289, 46478, 51609, 52452, 54381, 57032, 60099, 60856
Detection Rate (PCAPs): 0.927273
Raw Alerts (Attacks): 1651667
Diff Alerts/Flow (Attacks): 1639887
Raw Alerts (Legitimate): 22757685
Diff Alerts/Flow (Legitimate): 22523664
Raw Alerts (Total): 24409352
Usability (FP_Alerts/TP_Alerts): 13.7786
G-Mean: 0.851425

[500+CONSERVATIVE]
Active IDs: 126
Removed IDs: 6, 12090, 15511, 15832, 15839, 15880, 15893, 15895, 15897, 15985, 16001, 16009, 16040, 16041, 16083, 16178, 16195, 16206, 16208, 16250, 16253, 16267, 16270, 16309, 16321, 16331, 16435, 16492, 16573, 16613, 16614, 16618, 16632, 16714, 16774, 16864, 16996, 17017, 17136, 17399, 17458, 17459, 17717, 24466, 24473, 25360, 25843, 26487, 26631, 27210, 27238, 27457, 28198, 28631, 28632, 28754, 28877, 30061, 30090, 30251, 30703, 31077, 31137, 31349, 31613, 31618, 31755, 32304, 32447, 33053, 33106, 33224, 33661, 33704, 34050, 34067, 34527, 34640, 34789, 34797, 35284, 35799, 35824, 35944, 36660, 38131, 38732, 38924, 40503, 40774, 41469, 41470, 41475, 41540, 41542, 42533, 42537, 42662, 42670, 42781, 42899, 42966, 43349, 43355, 43796, 43799, 43963, 44114, 44467, 44611, 44623, 45302, 45416, 45650, 46289, 46478, 51609, 52452, 54381, 57032, 60099, 60856
Detection Rate (PCAPs): 0.772727
Raw Alerts (Attacks): 807371
Diff Alerts/Flow (Attacks): 806478
Raw Alerts (Legitimate): 127473
Diff Alerts/Flow (Legitimate): 1046
Raw Alerts (Total): 934844
Usability (FP_Alerts/TP_Alerts): 0.1579
G-Mean: 0.879043

[1000+CONSERVATIVE]
Active IDs: 129
Removed IDs: 6, 12090, 15511, 15832, 15839, 15880, 15893, 15895, 15897, 15985, 16001, 16009, 16040, 16041, 16083, 16178, 16195, 16208, 16250, 16253, 16270, 16309, 16321, 16331, 16435, 16492, 16573, 16613, 16614, 16618, 16632, 16714, 16774, 16864, 16996, 17017, 17399, 17458, 17459, 17717, 24466, 24473, 25360, 25843, 26487, 26631, 27210, 27238, 27457, 28198, 28631, 28632, 28754, 28877, 30061, 30090, 30251, 30703, 31077, 31137, 31349, 31613, 31618, 31755, 32304, 32447, 33053, 33106, 33224, 33661, 33704, 34050, 34067, 34527, 34640, 34789, 34797, 35284, 35799, 35824, 35944, 36660, 38131, 38732, 38924, 40503, 40774, 41469, 41470, 41475, 41540, 41542, 42533, 42537, 42662, 42670, 42781, 42899, 42966, 43349, 43355, 43796, 43799, 43963, 44114, 44467, 44611, 44623, 45302, 45416, 45650, 46289, 46478, 51609, 52452, 54381, 57032, 60099, 60856
Detection Rate (PCAPs): 0.827273
Raw Alerts (Attacks): 818276
Diff Alerts/Flow (Attacks): 806497
Raw Alerts (Legitimate): 216213
Diff Alerts/Flow (Legitimate): 3163
Raw Alerts (Total): 1034489
Usability (FP_Alerts/TP_Alerts): 0.2642
G-Mean: 0.909529

[AGRESIVE PRUNING]
Active IDs: 130
Removed IDs: 6, 11767, 12090, 15511, 15832, 15839, 15880, 15895, 15897, 15985, 16001, 16009, 16040, 16041, 16083, 16173, 16178, 16195, 16208, 16253, 16267, 16270, 16309, 16321, 16331, 16435, 16492, 16573, 16613, 16614, 16618, 16632, 16714, 16774, 16864, 16996, 17017, 17399, 17458, 17459, 17717, 24473, 25360, 25843, 26487, 26631, 27210, 27238, 27457, 28198, 28631, 28632, 28754, 28877, 30061, 30090, 30251, 30703, 31077, 31137, 31349, 31613, 31618, 31755, 32304, 32447, 32609, 33053, 33106, 33224, 33661, 33704, 34067, 34527, 34640, 34789, 34797, 35284, 35799, 35824, 35944, 36660, 38131, 38732, 38924, 40503, 40774, 41470, 41475, 41540, 41542, 42533, 42537, 42662, 42670, 42781, 42899, 42966, 43349, 43355, 43796, 43799, 43963, 44114, 44467, 44611, 44624, 45302, 45416, 45650, 46289, 46478, 51609, 52452, 54381, 57032, 60099, 60856
Detection Rate (PCAPs): 0.909091
Raw Alerts (Attacks): 1650239
Diff Alerts/Flow (Attacks): 1638479
Raw Alerts (Legitimate): 1614170
Diff Alerts/Flow (Legitimate): 1527547
Raw Alerts (Total): 3264409
Usability (FP_Alerts/TP_Alerts): 0.9781
G-Mean: 0.945056

