=== G-MEAN OPTIMIZATION SUMMARY ===
Ruleset: RS5
Scenario: Priority <= 3
Method: External CSV Ordered Backward Elimination + Static Pruning

[PRUNING 500]
Active Rules: 616
Removed SIDs: 2001117, 2001219, 2001329, 2001330, 2001331, 2001972, 2002749, 2002752, 2002948, 2003020, 2003099, 2003595, 2008578, 2009582, 2009767, 2009768, 2010935, 2010937, 2010939, 2011411, 2011716, 2012709, 2012711, 2014384, 2018124, 2019401, 2021630, 2022218, 2023997, 2024766, 2025649, 2025650, 2025992, 2027759, 2027865, 2031490, 2034857, 2043304, 2044666, 2100254, 2100312, 2100366, 2100368, 2100384, 2100402, 2100469, 2100486, 2100615, 2101280, 2101411, 2101417, 2101447, 2101917, 2102465, 2102466, 2102924, 2102925, 2403542
Detection Rate (PCAPs): 0.736364
Raw Alerts (Attacks): 365602
Diff Alerts/Flow (Attacks): 191880
Raw Alerts (Legitimate): 37691
Diff Alerts/Flow (Legitimate): 12050
Raw Alerts (Total): 403293
Usability (FP_Alerts/TP_Alerts): 0.1031
G-Mean: 0.858055

[PRUNING 1000]
Active Rules: 628
Removed SIDs: 2001117, 2001219, 2001329, 2001330, 2001331, 2001972, 2002749, 2002752, 2002948, 2003020, 2003099, 2003595, 2008578, 2009582, 2009767, 2009768, 2010935, 2010937, 2011716, 2012709, 2014384, 2019401, 2021630, 2022218, 2023997, 2024766, 2025649, 2025650, 2025992, 2027759, 2027865, 2034857, 2043304, 2044666, 2100254, 2100366, 2100384, 2100486, 2101411, 2101417, 2101447, 2101917, 2102465, 2102466, 2102924, 2102925
Detection Rate (PCAPs): 0.745455
Raw Alerts (Attacks): 365665
Diff Alerts/Flow (Attacks): 191896
Raw Alerts (Legitimate): 55207
Diff Alerts/Flow (Legitimate): 20691
Raw Alerts (Total): 420872
Usability (FP_Alerts/TP_Alerts): 0.151
G-Mean: 0.863289

[CONSERVATIVE PRUNING]
Active Rules: 506
Removed SIDs: 2000428, 2000537, 2000538, 2000545, 2001219, 2001264, 2001331, 2001353, 2001384, 2001404, 2001608, 2001904, 2001972, 2002826, 2002948, 2003006, 2003068, 2003310, 2008470, 2008578, 2009583, 2009584, 2009767, 2009886, 2009970, 2010518, 2010816, 2011368, 2011408, 2011411, 2011716, 2011764, 2012063, 2012296, 2012709, 2012710, 2012711, 2012712, 2013273, 2013479, 2014380, 2014384, 2015023, 2015856, 2016149, 2016662, 2016683, 2016778, 2018124, 2018585, 2019102, 2019401, 2020632, 2021195, 2021630, 2023640, 2024217, 2024930, 2025275, 2025712, 2025822, 2027390, 2027412, 2027757, 2027759, 2027865, 2029340, 2029575, 2030390, 2030835, 2031489, 2031490, 2031491, 2033078, 2036222, 2036223, 2036252, 2036751, 2038967, 2043304, 2045173, 2049956, 2049957, 2050281, 2053892, 2053893, 2062459, 2062460, 2100312, 2100368, 2100369, 2100372, 2100373, 2100381, 2100382, 2100385, 2100396, 2100399, 2100401, 2100404, 2100485, 2100486, 2100524, 2100537, 2100538, 2100566, 2100579, 2100613, 2100628, 2100649, 2100650, 2101280, 2101413, 2101616, 2101917, 2102003, 2102049, 2102336, 2102466, 2102924, 2102925, 2400005, 2400010, 2400011, 2400013, 2400014, 2400017, 2400021, 2400032, 2400033, 2400060, 2400061, 2403416, 2403501, 2403506, 2403538, 2403539, 2403540, 2403541, 2403542, 2403543, 2403550, 2403551, 2403560, 2403561, 2403578, 2403579, 2403596, 2403616, 2403618, 2403622, 2403624, 2403652, 2403656, 2403677, 2403678, 2403826, 2403830, 2403838, 2403839, 2403878, 2403882, 2403888, 2522304, 2522312, 2527028, 2527030, 2527036
Detection Rate (PCAPs): 1.000000
Raw Alerts (Attacks): 367811
Diff Alerts/Flow (Attacks): 192858
Raw Alerts (Legitimate): 13902966
Diff Alerts/Flow (Legitimate): 12576057
Raw Alerts (Total): 14270777
Usability (FP_Alerts/TP_Alerts): 37.7992
G-Mean: 0.961822

[500+CONSERVATIVE]
Active Rules: 475
Removed SIDs: 2000428, 2000537, 2000538, 2000545, 2001117, 2001219, 2001264, 2001329, 2001330, 2001331, 2001353, 2001384, 2001404, 2001608, 2001904, 2001972, 2002749, 2002752, 2002826, 2002948, 2003006, 2003020, 2003068, 2003099, 2003310, 2003595, 2008470, 2008578, 2009582, 2009583, 2009584, 2009767, 2009768, 2009886, 2009970, 2010518, 2010816, 2010935, 2010937, 2010939, 2011368, 2011408, 2011411, 2011716, 2011764, 2012063, 2012296, 2012709, 2012710, 2012711, 2012712, 2013273, 2013479, 2014380, 2014384, 2015023, 2015856, 2016149, 2016662, 2016683, 2016778, 2018124, 2018585, 2019102, 2019401, 2020632, 2021195, 2021630, 2022218, 2023640, 2023997, 2024217, 2024766, 2024930, 2025275, 2025649, 2025650, 2025712, 2025822, 2025992, 2027390, 2027412, 2027757, 2027759, 2027865, 2029340, 2029575, 2030390, 2030835, 2031489, 2031490, 2031491, 2033078, 2034857, 2036222, 2036223, 2036252, 2036751, 2038967, 2043304, 2044666, 2045173, 2049956, 2049957, 2050281, 2053892, 2053893, 2062459, 2062460, 2100254, 2100312, 2100366, 2100368, 2100369, 2100372, 2100373, 2100381, 2100382, 2100384, 2100385, 2100396, 2100399, 2100401, 2100402, 2100404, 2100469, 2100485, 2100486, 2100524, 2100537, 2100538, 2100566, 2100579, 2100613, 2100615, 2100628, 2100649, 2100650, 2101280, 2101411, 2101413, 2101417, 2101447, 2101616, 2101917, 2102003, 2102049, 2102336, 2102465, 2102466, 2102924, 2102925, 2400005, 2400010, 2400011, 2400013, 2400014, 2400017, 2400021, 2400032, 2400033, 2400060, 2400061, 2403416, 2403501, 2403506, 2403538, 2403539, 2403540, 2403541, 2403542, 2403543, 2403550, 2403551, 2403560, 2403561, 2403578, 2403579, 2403596, 2403616, 2403618, 2403622, 2403624, 2403652, 2403656, 2403677, 2403678, 2403826, 2403830, 2403838, 2403839, 2403878, 2403882, 2403888, 2522304, 2522312, 2527028, 2527030, 2527036
Detection Rate (PCAPs): 0.736364
Raw Alerts (Attacks): 365602
Diff Alerts/Flow (Attacks): 191880
Raw Alerts (Legitimate): 3171
Diff Alerts/Flow (Legitimate): 1875
Raw Alerts (Total): 368773
Usability (FP_Alerts/TP_Alerts): 0.0087
G-Mean: 0.858107

[1000+CONSERVATIVE]
Active Rules: 479
Removed SIDs: 2000428, 2000537, 2000538, 2000545, 2001117, 2001219, 2001264, 2001329, 2001330, 2001331, 2001353, 2001384, 2001404, 2001608, 2001904, 2001972, 2002749, 2002752, 2002826, 2002948, 2003006, 2003020, 2003068, 2003099, 2003310, 2003595, 2008470, 2008578, 2009582, 2009583, 2009584, 2009767, 2009768, 2009886, 2009970, 2010518, 2010816, 2010935, 2010937, 2011368, 2011408, 2011411, 2011716, 2011764, 2012063, 2012296, 2012709, 2012710, 2012711, 2012712, 2013273, 2013479, 2014380, 2014384, 2015023, 2015856, 2016149, 2016662, 2016683, 2016778, 2018124, 2018585, 2019102, 2019401, 2020632, 2021195, 2021630, 2022218, 2023640, 2023997, 2024217, 2024766, 2024930, 2025275, 2025649, 2025650, 2025712, 2025822, 2025992, 2027390, 2027412, 2027757, 2027759, 2027865, 2029340, 2029575, 2030390, 2030835, 2031489, 2031490, 2031491, 2033078, 2034857, 2036222, 2036223, 2036252, 2036751, 2038967, 2043304, 2044666, 2045173, 2049956, 2049957, 2050281, 2053892, 2053893, 2062459, 2062460, 2100254, 2100312, 2100366, 2100368, 2100369, 2100372, 2100373, 2100381, 2100382, 2100384, 2100385, 2100396, 2100399, 2100401, 2100404, 2100485, 2100486, 2100524, 2100537, 2100538, 2100566, 2100579, 2100613, 2100628, 2100649, 2100650, 2101280, 2101411, 2101413, 2101417, 2101447, 2101616, 2101917, 2102003, 2102049, 2102336, 2102465, 2102466, 2102924, 2102925, 2400005, 2400010, 2400011, 2400013, 2400014, 2400017, 2400021, 2400032, 2400033, 2400060, 2400061, 2403416, 2403501, 2403506, 2403538, 2403539, 2403540, 2403541, 2403542, 2403543, 2403550, 2403551, 2403560, 2403561, 2403578, 2403579, 2403596, 2403616, 2403618, 2403622, 2403624, 2403652, 2403656, 2403677, 2403678, 2403826, 2403830, 2403838, 2403839, 2403878, 2403882, 2403888, 2522304, 2522312, 2527028, 2527030, 2527036
Detection Rate (PCAPs): 0.745455
Raw Alerts (Attacks): 365665
Diff Alerts/Flow (Attacks): 191896
Raw Alerts (Legitimate): 6512
Diff Alerts/Flow (Legitimate): 4839
Raw Alerts (Total): 372177
Usability (FP_Alerts/TP_Alerts): 0.0178
G-Mean: 0.863371

[AGRESIVE PRUNING]
Active Rules: 459
Removed SIDs: 2000428, 2000537, 2000538, 2000545, 2001117, 2001219, 2001264, 2001329, 2001330, 2001331, 2001353, 2001384, 2001404, 2001608, 2001904, 2001972, 2002826, 2002948, 2003006, 2003012, 2003020, 2003068, 2003099, 2003310, 2003595, 2006408, 2006409, 2008470, 2008578, 2009151, 2009582, 2009583, 2009584, 2009767, 2009768, 2009886, 2009970, 2010518, 2010706, 2010816, 2010935, 2010936, 2010937, 2010938, 2010939, 2011368, 2011408, 2011411, 2011716, 2011764, 2012063, 2012296, 2012709, 2012710, 2012711, 2012712, 2013273, 2013479, 2013490, 2013491, 2014380, 2014384, 2015023, 2015856, 2016149, 2016662, 2016683, 2016778, 2018124, 2018585, 2019102, 2019401, 2020632, 2021195, 2021630, 2022218, 2023640, 2023753, 2023997, 2024217, 2024297, 2024766, 2024930, 2025275, 2025650, 2025712, 2025822, 2027390, 2027412, 2027413, 2027757, 2027759, 2027865, 2029340, 2029575, 2030390, 2030835, 2031489, 2031490, 2031491, 2033078, 2034857, 2036222, 2036223, 2036252, 2036751, 2038967, 2043304, 2044665, 2044666, 2045173, 2049956, 2049957, 2050281, 2053892, 2053893, 2062459, 2062460, 2100254, 2100312, 2100366, 2100368, 2100369, 2100372, 2100373, 2100381, 2100382, 2100384, 2100385, 2100396, 2100399, 2100401, 2100402, 2100404, 2100408, 2100453, 2100469, 2100472, 2100485, 2100486, 2100524, 2100537, 2100538, 2100566, 2100579, 2100613, 2100615, 2100628, 2100649, 2100650, 2101280, 2101411, 2101413, 2101417, 2101418, 2101420, 2101447, 2101616, 2101620, 2101852, 2101917, 2102003, 2102049, 2102336, 2102465, 2102466, 2102924, 2102925, 2400005, 2400010, 2400011, 2400013, 2400014, 2400017, 2400021, 2400032, 2400033, 2400060, 2400061, 2403416, 2403501, 2403506, 2403538, 2403539, 2403540, 2403541, 2403542, 2403543, 2403550, 2403551, 2403560, 2403561, 2403578, 2403579, 2403596, 2403616, 2403618, 2403622, 2403624, 2403652, 2403656, 2403677, 2403678, 2403826, 2403830, 2403838, 2403839, 2403878, 2403882, 2403888, 2522304, 2522312, 2527028, 2527030, 2527036
Detection Rate (PCAPs): 1.000000
Raw Alerts (Attacks): 358537
Diff Alerts/Flow (Attacks): 191236
Raw Alerts (Legitimate): 2080033
Diff Alerts/Flow (Legitimate): 1983861
Raw Alerts (Total): 2438570
Usability (FP_Alerts/TP_Alerts): 5.8014
G-Mean: 0.988749

