=== G-MEAN OPTIMIZATION SUMMARY ===
Engine: FG | Track: APP | Base Severity >= 1

[PRUNING 500]
Active IDs: 236
Removed IDs: 6, 12090, 15511, 15832, 15893, 15895, 15897, 16001, 16009, 16035, 16083, 16178, 16195, 16206, 16208, 16250, 16267, 16270, 16321, 16331, 16492, 16864, 16983, 17017, 17136, 24466, 24473, 25360, 25843, 27457, 28198, 28877, 29081, 30061, 31077, 31349, 31755, 32304, 33053, 33106, 33704, 34050, 34527, 34640, 34789, 35284, 35799, 35824, 35944, 36591, 36660, 36817, 37359, 38131, 40169, 40503, 41469, 41470, 41474, 41475, 41540, 41542, 42533, 42537, 42662, 42670, 42966, 43349, 43796, 43799, 43963, 44611, 44623, 46289, 47173, 52452, 54381, 57032, 60856, 7929858, 10000483
Detection Rate (PCAPs): 0.845455
Raw Alerts (Attacks): 1145100
Diff Alerts/Flow (Attacks): 1143902
Raw Alerts (Legitimate): 135889
Diff Alerts/Flow (Legitimate): 9166
Raw Alerts (Total): 1280989
Usability (FP_Alerts/TP_Alerts): 0.1187
G-Mean: 0.919433

[PRUNING 1000]
Active IDs: 242
Removed IDs: 6, 12090, 15511, 15832, 15893, 15895, 15897, 16001, 16009, 16035, 16083, 16178, 16195, 16208, 16250, 16270, 16321, 16331, 16492, 16983, 17017, 24466, 24473, 25360, 25843, 27457, 28198, 28877, 29081, 30061, 31077, 31349, 31755, 32304, 33053, 33106, 33704, 34050, 34527, 34640, 34789, 35799, 35824, 35944, 36591, 36660, 36817, 37359, 38131, 40169, 40503, 41469, 41470, 41474, 41475, 41540, 41542, 42533, 42537, 42662, 42670, 43349, 43796, 43799, 43963, 44611, 44623, 46289, 47173, 52452, 54381, 57032, 60856, 7929858, 10000483
Detection Rate (PCAPs): 0.881818
Raw Alerts (Attacks): 1156005
Diff Alerts/Flow (Attacks): 1143921
Raw Alerts (Legitimate): 226773
Diff Alerts/Flow (Legitimate): 13418
Raw Alerts (Total): 1382778
Usability (FP_Alerts/TP_Alerts): 0.1962
G-Mean: 0.938974

[CONSERVATIVE PRUNING]
Active IDs: 200
Removed IDs: 6, 10328, 12766, 15832, 15839, 15880, 15985, 16001, 16009, 16035, 16040, 16041, 16178, 16208, 16253, 16309, 16331, 16435, 16492, 16573, 16613, 16614, 16618, 16632, 16714, 16774, 16864, 16983, 16996, 17399, 17458, 17459, 17714, 17717, 24473, 25360, 25843, 26487, 26631, 27210, 27238, 28631, 28632, 28754, 28877, 29081, 30061, 30090, 30251, 30703, 31077, 31137, 31349, 31613, 31618, 31989, 32304, 32447, 33053, 33224, 33661, 33704, 33759, 34067, 34527, 34640, 34797, 35284, 35640, 35799, 35824, 35944, 36591, 36660, 36817, 37359, 38131, 38732, 38924, 40503, 40774, 41470, 41474, 41475, 41540, 41542, 42533, 42537, 42662, 42670, 42781, 42899, 42966, 43349, 43355, 44114, 44135, 44467, 44504, 45302, 45416, 45650, 46289, 46478, 47173, 48805, 51546, 51609, 52452, 54381, 57032, 60099, 60856, 8912906, 107937801, 108658691, 294191108
Detection Rate (PCAPs): 0.954545
Raw Alerts (Attacks): 1989445
Diff Alerts/Flow (Attacks): 1977351
Raw Alerts (Legitimate): 22845742
Diff Alerts/Flow (Legitimate): 22565981
Raw Alerts (Total): 24835187
Usability (FP_Alerts/TP_Alerts): 11.4835
G-Mean: 0.863792

[500+CONSERVATIVE]
Active IDs: 170
Removed IDs: 6, 10328, 12090, 12766, 15511, 15832, 15839, 15880, 15893, 15895, 15897, 15985, 16001, 16009, 16035, 16040, 16041, 16083, 16178, 16195, 16206, 16208, 16250, 16253, 16267, 16270, 16309, 16321, 16331, 16435, 16492, 16573, 16613, 16614, 16618, 16632, 16714, 16774, 16864, 16983, 16996, 17017, 17136, 17399, 17458, 17459, 17714, 17717, 24466, 24473, 25360, 25843, 26487, 26631, 27210, 27238, 27457, 28198, 28631, 28632, 28754, 28877, 29081, 30061, 30090, 30251, 30703, 31077, 31137, 31349, 31613, 31618, 31755, 31989, 32304, 32447, 33053, 33106, 33224, 33661, 33704, 33759, 34050, 34067, 34527, 34640, 34789, 34797, 35284, 35640, 35799, 35824, 35944, 36591, 36660, 36817, 37359, 38131, 38732, 38924, 40169, 40503, 40774, 41469, 41470, 41474, 41475, 41540, 41542, 42533, 42537, 42662, 42670, 42781, 42899, 42966, 43349, 43355, 43796, 43799, 43963, 44114, 44135, 44467, 44504, 44611, 44623, 45302, 45416, 45650, 46289, 46478, 47173, 48805, 51546, 51609, 52452, 54381, 57032, 60099, 60856, 7929858, 8912906, 10000483, 107937801, 108658691, 294191108
Detection Rate (PCAPs): 0.845455
Raw Alerts (Attacks): 1145100
Diff Alerts/Flow (Attacks): 1143902
Raw Alerts (Legitimate): 129054
Diff Alerts/Flow (Legitimate): 2339
Raw Alerts (Total): 1274154
Usability (FP_Alerts/TP_Alerts): 0.1127
G-Mean: 0.919472

[1000+CONSERVATIVE]
Active IDs: 173
Removed IDs: 6, 10328, 12090, 12766, 15511, 15832, 15839, 15880, 15893, 15895, 15897, 15985, 16001, 16009, 16035, 16040, 16041, 16083, 16178, 16195, 16208, 16250, 16253, 16270, 16309, 16321, 16331, 16435, 16492, 16573, 16613, 16614, 16618, 16632, 16714, 16774, 16864, 16983, 16996, 17017, 17399, 17458, 17459, 17714, 17717, 24466, 24473, 25360, 25843, 26487, 26631, 27210, 27238, 27457, 28198, 28631, 28632, 28754, 28877, 29081, 30061, 30090, 30251, 30703, 31077, 31137, 31349, 31613, 31618, 31755, 31989, 32304, 32447, 33053, 33106, 33224, 33661, 33704, 33759, 34050, 34067, 34527, 34640, 34789, 34797, 35284, 35640, 35799, 35824, 35944, 36591, 36660, 36817, 37359, 38131, 38732, 38924, 40169, 40503, 40774, 41469, 41470, 41474, 41475, 41540, 41542, 42533, 42537, 42662, 42670, 42781, 42899, 42966, 43349, 43355, 43796, 43799, 43963, 44114, 44135, 44467, 44504, 44611, 44623, 45302, 45416, 45650, 46289, 46478, 47173, 48805, 51546, 51609, 52452, 54381, 57032, 60099, 60856, 7929858, 8912906, 10000483, 107937801, 108658691, 294191108
Detection Rate (PCAPs): 0.881818
Raw Alerts (Attacks): 1156005
Diff Alerts/Flow (Attacks): 1143921
Raw Alerts (Legitimate): 217794
Diff Alerts/Flow (Legitimate): 4456
Raw Alerts (Total): 1373799
Usability (FP_Alerts/TP_Alerts): 0.1884
G-Mean: 0.939027

[AGRESIVE PRUNING]
Active IDs: 165
Removed IDs: 6, 10328, 11767, 12090, 12525, 12766, 15511, 15832, 15839, 15880, 15893, 15895, 15897, 15985, 16001, 16009, 16035, 16040, 16041, 16060, 16083, 16173, 16178, 16195, 16208, 16250, 16253, 16267, 16270, 16309, 16321, 16331, 16435, 16492, 16573, 16613, 16614, 16618, 16632, 16714, 16774, 16864, 16983, 16996, 17017, 17136, 17399, 17458, 17459, 17714, 17717, 24473, 25360, 25843, 26487, 26631, 27210, 27238, 27457, 28198, 28631, 28632, 28754, 28877, 29081, 29511, 30061, 30090, 30251, 30703, 31077, 31137, 31349, 31613, 31618, 31755, 31989, 32304, 32447, 32609, 33053, 33106, 33224, 33661, 33704, 33759, 34038, 34067, 34527, 34640, 34789, 34797, 35284, 35640, 35799, 35824, 35944, 36591, 36660, 36817, 37359, 38131, 38732, 38924, 40169, 40503, 40774, 41470, 41474, 41475, 41540, 41542, 42533, 42537, 42662, 42670, 42781, 42899, 42966, 43349, 43355, 43796, 43799, 43963, 44114, 44135, 44467, 44504, 44611, 44624, 45302, 45360, 45416, 45650, 46289, 46478, 47173, 48805, 51546, 51609, 52452, 54381, 57032, 60099, 60856, 7929858, 8912906, 10000483, 107937801, 108658691, 110034945, 294191108
Detection Rate (PCAPs): 0.936364
Raw Alerts (Attacks): 966442
Diff Alerts/Flow (Attacks): 954388
Raw Alerts (Legitimate): 308640
Diff Alerts/Flow (Legitimate): 222017
Raw Alerts (Total): 1275082
Usability (FP_Alerts/TP_Alerts): 0.3194
G-Mean: 0.966293

