=== G-MEAN OPTIMIZATION SUMMARY ===
Ruleset: RS5
Scenario: Priority <= 2
Method: External CSV Ordered Backward Elimination + Static Pruning

[PRUNING 500]
Active Rules: 521
Removed SIDs: 2001219, 2002749, 2002752, 2002948, 2003020, 2003099, 2003595, 2008578, 2009582, 2009767, 2009768, 2010935, 2010937, 2010939, 2011411, 2011716, 2014384, 2019401, 2021630, 2022218, 2024766, 2025649, 2025650, 2025992, 2027759, 2027865, 2034857, 2100254, 2100312, 2100469, 2100615, 2101280, 2101411, 2101417, 2102924, 2403542
Detection Rate (PCAPs): 0.590909
Raw Alerts (Attacks): 235641
Diff Alerts/Flow (Attacks): 72825
Raw Alerts (Legitimate): 10179
Diff Alerts/Flow (Legitimate): 8517
Raw Alerts (Total): 245820
Usability (FP_Alerts/TP_Alerts): 0.0432
G-Mean: 0.768667

[PRUNING 1000]
Active Rules: 528
Removed SIDs: 2001219, 2002749, 2002752, 2002948, 2003020, 2003099, 2003595, 2008578, 2009582, 2009767, 2009768, 2010935, 2010937, 2011716, 2014384, 2019401, 2021630, 2022218, 2024766, 2025649, 2025650, 2025992, 2027759, 2027865, 2034857, 2100254, 2101411, 2101417, 2102924
Detection Rate (PCAPs): 0.590909
Raw Alerts (Attacks): 235650
Diff Alerts/Flow (Attacks): 72834
Raw Alerts (Legitimate): 15824
Diff Alerts/Flow (Legitimate): 13492
Raw Alerts (Total): 251474
Usability (FP_Alerts/TP_Alerts): 0.0672
G-Mean: 0.768643

[CONSERVATIVE PRUNING]
Active Rules: 438
Removed SIDs: 2000537, 2000538, 2000545, 2001219, 2001264, 2001353, 2001384, 2001608, 2002826, 2002948, 2003006, 2003068, 2003310, 2008470, 2008578, 2009583, 2009584, 2009767, 2009886, 2009970, 2010518, 2011368, 2011408, 2011411, 2011716, 2011764, 2012063, 2012296, 2013273, 2014380, 2014384, 2015856, 2016662, 2016683, 2016778, 2018585, 2019102, 2019401, 2020632, 2021195, 2021630, 2023640, 2024217, 2024930, 2025712, 2025822, 2027412, 2027757, 2027759, 2027865, 2029340, 2029575, 2030390, 2036751, 2045173, 2049956, 2049957, 2053892, 2053893, 2100312, 2100385, 2100579, 2100613, 2100628, 2100649, 2100650, 2101280, 2101413, 2101616, 2102003, 2102336, 2102924, 2400005, 2400010, 2400011, 2400013, 2400014, 2400017, 2400021, 2400032, 2400033, 2400060, 2400061, 2403416, 2403501, 2403506, 2403538, 2403539, 2403540, 2403541, 2403542, 2403543, 2403550, 2403551, 2403560, 2403561, 2403578, 2403579, 2403596, 2403616, 2403618, 2403622, 2403624, 2403652, 2403656, 2403677, 2403678, 2403826, 2403830, 2403838, 2403839, 2403878, 2403882, 2403888, 2522304, 2522312, 2527028, 2527030, 2527036
Detection Rate (PCAPs): 0.990909
Raw Alerts (Attacks): 237540
Diff Alerts/Flow (Attacks): 73630
Raw Alerts (Legitimate): 4037145
Diff Alerts/Flow (Legitimate): 3208130
Raw Alerts (Total): 4274685
Usability (FP_Alerts/TP_Alerts): 16.9956
G-Mean: 0.976616

[500+CONSERVATIVE]
Active Rules: 417
Removed SIDs: 2000537, 2000538, 2000545, 2001219, 2001264, 2001353, 2001384, 2001608, 2002749, 2002752, 2002826, 2002948, 2003006, 2003020, 2003068, 2003099, 2003310, 2003595, 2008470, 2008578, 2009582, 2009583, 2009584, 2009767, 2009768, 2009886, 2009970, 2010518, 2010935, 2010937, 2010939, 2011368, 2011408, 2011411, 2011716, 2011764, 2012063, 2012296, 2013273, 2014380, 2014384, 2015856, 2016662, 2016683, 2016778, 2018585, 2019102, 2019401, 2020632, 2021195, 2021630, 2022218, 2023640, 2024217, 2024766, 2024930, 2025649, 2025650, 2025712, 2025822, 2025992, 2027412, 2027757, 2027759, 2027865, 2029340, 2029575, 2030390, 2034857, 2036751, 2045173, 2049956, 2049957, 2053892, 2053893, 2100254, 2100312, 2100385, 2100469, 2100579, 2100613, 2100615, 2100628, 2100649, 2100650, 2101280, 2101411, 2101413, 2101417, 2101616, 2102003, 2102336, 2102924, 2400005, 2400010, 2400011, 2400013, 2400014, 2400017, 2400021, 2400032, 2400033, 2400060, 2400061, 2403416, 2403501, 2403506, 2403538, 2403539, 2403540, 2403541, 2403542, 2403543, 2403550, 2403551, 2403560, 2403561, 2403578, 2403579, 2403596, 2403616, 2403618, 2403622, 2403624, 2403652, 2403656, 2403677, 2403678, 2403826, 2403830, 2403838, 2403839, 2403878, 2403882, 2403888, 2522304, 2522312, 2527028, 2527030, 2527036
Detection Rate (PCAPs): 0.590909
Raw Alerts (Attacks): 235641
Diff Alerts/Flow (Attacks): 72825
Raw Alerts (Legitimate): 2189
Diff Alerts/Flow (Legitimate): 1456
Raw Alerts (Total): 237830
Usability (FP_Alerts/TP_Alerts): 0.0093
G-Mean: 0.768699

[1000+CONSERVATIVE]
Active Rules: 420
Removed SIDs: 2000537, 2000538, 2000545, 2001219, 2001264, 2001353, 2001384, 2001608, 2002749, 2002752, 2002826, 2002948, 2003006, 2003020, 2003068, 2003099, 2003310, 2003595, 2008470, 2008578, 2009582, 2009583, 2009584, 2009767, 2009768, 2009886, 2009970, 2010518, 2010935, 2010937, 2011368, 2011408, 2011411, 2011716, 2011764, 2012063, 2012296, 2013273, 2014380, 2014384, 2015856, 2016662, 2016683, 2016778, 2018585, 2019102, 2019401, 2020632, 2021195, 2021630, 2022218, 2023640, 2024217, 2024766, 2024930, 2025649, 2025650, 2025712, 2025822, 2025992, 2027412, 2027757, 2027759, 2027865, 2029340, 2029575, 2030390, 2034857, 2036751, 2045173, 2049956, 2049957, 2053892, 2053893, 2100254, 2100312, 2100385, 2100579, 2100613, 2100628, 2100649, 2100650, 2101280, 2101411, 2101413, 2101417, 2101616, 2102003, 2102336, 2102924, 2400005, 2400010, 2400011, 2400013, 2400014, 2400017, 2400021, 2400032, 2400033, 2400060, 2400061, 2403416, 2403501, 2403506, 2403538, 2403539, 2403540, 2403541, 2403542, 2403543, 2403550, 2403551, 2403560, 2403561, 2403578, 2403579, 2403596, 2403616, 2403618, 2403622, 2403624, 2403652, 2403656, 2403677, 2403678, 2403826, 2403830, 2403838, 2403839, 2403878, 2403882, 2403888, 2522304, 2522312, 2527028, 2527030, 2527036
Detection Rate (PCAPs): 0.590909
Raw Alerts (Attacks): 235650
Diff Alerts/Flow (Attacks): 72834
Raw Alerts (Legitimate): 4735
Diff Alerts/Flow (Legitimate): 3825
Raw Alerts (Total): 240385
Usability (FP_Alerts/TP_Alerts): 0.0201
G-Mean: 0.768688

[AGRESIVE PRUNING]
Active Rules: 406
Removed SIDs: 2000537, 2000538, 2000545, 2001219, 2001264, 2001353, 2001384, 2001608, 2002826, 2002948, 2003006, 2003012, 2003020, 2003068, 2003099, 2003310, 2003595, 2006408, 2006409, 2008470, 2008578, 2009151, 2009582, 2009583, 2009584, 2009767, 2009768, 2009886, 2009970, 2010518, 2010706, 2010935, 2010936, 2010937, 2010938, 2010939, 2011368, 2011408, 2011411, 2011716, 2011764, 2012063, 2012296, 2013273, 2014380, 2014384, 2015856, 2016662, 2016683, 2016778, 2018585, 2019102, 2019401, 2020632, 2021195, 2021630, 2022218, 2023640, 2023753, 2024217, 2024297, 2024766, 2024930, 2025650, 2025712, 2025822, 2027412, 2027413, 2027757, 2027759, 2027865, 2029340, 2029575, 2030390, 2034857, 2036751, 2045173, 2049956, 2049957, 2053892, 2053893, 2100254, 2100312, 2100385, 2100469, 2100472, 2100579, 2100613, 2100615, 2100628, 2100649, 2100650, 2101280, 2101411, 2101413, 2101417, 2101418, 2101420, 2101616, 2101620, 2101852, 2102003, 2102336, 2102924, 2400005, 2400010, 2400011, 2400013, 2400014, 2400017, 2400021, 2400032, 2400033, 2400060, 2400061, 2403416, 2403501, 2403506, 2403538, 2403539, 2403540, 2403541, 2403542, 2403543, 2403550, 2403551, 2403560, 2403561, 2403578, 2403579, 2403596, 2403616, 2403618, 2403622, 2403624, 2403652, 2403656, 2403677, 2403678, 2403826, 2403830, 2403838, 2403839, 2403878, 2403882, 2403888, 2522304, 2522312, 2527028, 2527030, 2527036
Detection Rate (PCAPs): 0.990909
Raw Alerts (Attacks): 229604
Diff Alerts/Flow (Attacks): 72189
Raw Alerts (Legitimate): 2079973
Diff Alerts/Flow (Legitimate): 1983804
Raw Alerts (Total): 2309577
Usability (FP_Alerts/TP_Alerts): 9.059
G-Mean: 0.984245

