=== G-MEAN OPTIMIZATION SUMMARY ===
Ruleset: RS6
Scenario: Priority <= 4
Method: External CSV Ordered Backward Elimination + Static Pruning

[PRUNING 500]
Active Rules: 1273
Removed SIDs: 1, 3, 4, 5, 12, 14, 15, 18, 19, 20, 28, 33, 254, 366, 368, 384, 408, 449, 1411, 1417, 1448, 1917, 2924, 4060, 5730, 11192, 13974, 15306, 16418, 20212, 20528, 21232, 27938, 28069, 28993, 29456, 29957, 31767, 32481, 40186, 42340, 42944, 43496, 44416, 44484, 44485, 44486, 44487, 44488, 44489, 50447, 50633, 51127, 57756, 59258, 2001117, 2001219, 2001329, 2001330, 2001331, 2001972, 2002749, 2002752, 2002948, 2003020, 2003099, 2003595, 2008578, 2009582, 2009767, 2009768, 2010935, 2010937, 2010939, 2011411, 2011716, 2012709, 2012711, 2014384, 2018124, 2019401, 2021630, 2022218, 2023997, 2024766, 2025649, 2025650, 2025992, 2027759, 2027865, 2031490, 2034857, 2043304, 2044666, 2100254, 2100312, 2100366, 2100368, 2100384, 2100402, 2100469, 2100486, 2100615, 2101280, 2101411, 2101417, 2101447, 2101917, 2102465, 2102466, 2102924, 2102925, 2403542
Detection Rate (PCAPs): 0.845455
Raw Alerts (Attacks): 1211381
Diff Alerts/Flow (Attacks): 367033
Raw Alerts (Legitimate): 86716
Diff Alerts/Flow (Legitimate): 23841
Raw Alerts (Total): 1298097
Usability (FP_Alerts/TP_Alerts): 0.0716
G-Mean: 0.919367

[PRUNING 1000]
Active Rules: 1294
Removed SIDs: 1, 3, 4, 12, 14, 15, 18, 19, 20, 28, 33, 254, 366, 384, 408, 449, 1411, 1417, 1448, 1917, 2924, 4060, 5730, 20212, 20528, 21232, 27938, 28993, 29456, 29957, 31767, 32481, 40186, 42340, 42944, 43496, 44484, 44485, 44486, 44487, 44488, 44489, 50447, 50633, 51127, 57756, 2001117, 2001219, 2001329, 2001330, 2001331, 2001972, 2002749, 2002752, 2002948, 2003020, 2003099, 2003595, 2008578, 2009582, 2009767, 2009768, 2010935, 2010937, 2011716, 2012709, 2014384, 2019401, 2021630, 2022218, 2023997, 2024766, 2025649, 2025650, 2025992, 2027759, 2027865, 2034857, 2043304, 2044666, 2100254, 2100366, 2100384, 2100486, 2101411, 2101417, 2101447, 2101917, 2102465, 2102466, 2102924, 2102925
Detection Rate (PCAPs): 0.845455
Raw Alerts (Attacks): 1211708
Diff Alerts/Flow (Attacks): 367156
Raw Alerts (Legitimate): 124923
Diff Alerts/Flow (Legitimate): 39348
Raw Alerts (Total): 1336631
Usability (FP_Alerts/TP_Alerts): 0.1031
G-Mean: 0.919297

[CONSERVATIVE PRUNING]
Active Rules: 1067
Removed SIDs: 2, 6, 22, 26, 368, 369, 372, 373, 381, 382, 385, 396, 399, 401, 404, 449, 566, 579, 649, 650, 1010, 1136, 1280, 1413, 1447, 1616, 1735, 2003, 2004, 2049, 2050, 2339, 2418, 2924, 3679, 3822, 4060, 4990, 5318, 6699, 11263, 11968, 12065, 12066, 12632, 13913, 13974, 14019, 15517, 15850, 15873, 16008, 16282, 16301, 16418, 16510, 17110, 17152, 17494, 18174, 18474, 18611, 20212, 20528, 20566, 21214, 21232, 23493, 24304, 24889, 25664, 26317, 26989, 27899, 27938, 28039, 28069, 28313, 28321, 28555, 28556, 28557, 28993, 29509, 29519, 29639, 29957, 30342, 30490, 31136, 31212, 31341, 31399, 33561, 34799, 35180, 35193, 35527, 37545, 37909, 38038, 38104, 38381, 39320, 39488, 40186, 41054, 41055, 41056, 41057, 41061, 41063, 41065, 41066, 41067, 41068, 41071, 41072, 41074, 41075, 41077, 41186, 42016, 42017, 42255, 42340, 42946, 43359, 43362, 43496, 43755, 44416, 44455, 44651, 44679, 45578, 45941, 46373, 47082, 48134, 48326, 48331, 48894, 50633, 51000, 51127, 51284, 51333, 51344, 57878, 65062, 2000428, 2000537, 2000538, 2000545, 2001219, 2001264, 2001331, 2001353, 2001384, 2001404, 2001608, 2001904, 2001972, 2002826, 2002948, 2003006, 2003068, 2003310, 2008470, 2008578, 2009583, 2009584, 2009767, 2009886, 2009970, 2010518, 2010816, 2011368, 2011408, 2011411, 2011716, 2011764, 2012063, 2012296, 2012709, 2012710, 2012711, 2012712, 2013273, 2013479, 2014380, 2014384, 2015023, 2015856, 2016149, 2016662, 2016683, 2016778, 2018124, 2018585, 2019102, 2019401, 2020632, 2021195, 2021630, 2023640, 2024217, 2024930, 2025275, 2025712, 2025822, 2027390, 2027412, 2027757, 2027759, 2027865, 2029340, 2029575, 2030390, 2030835, 2031489, 2031490, 2031491, 2033078, 2036222, 2036223, 2036252, 2036751, 2038967, 2043304, 2045173, 2049956, 2049957, 2050281, 2053892, 2053893, 2062459, 2062460, 2100312, 2100368, 2100369, 2100372, 2100373, 2100381, 2100382, 2100385, 2100396, 2100399, 2100401, 2100404, 2100485, 2100486, 2100524, 2100537, 2100538, 2100566, 2100579, 2100613, 2100628, 2100649, 2100650, 2101280, 2101413, 2101616, 2101917, 2102003, 2102049, 2102336, 2102466, 2102924, 2102925, 2400005, 2400010, 2400011, 2400013, 2400014, 2400017, 2400021, 2400032, 2400033, 2400060, 2400061, 2403416, 2403501, 2403506, 2403538, 2403539, 2403540, 2403541, 2403542, 2403543, 2403550, 2403551, 2403560, 2403561, 2403578, 2403579, 2403596, 2403616, 2403618, 2403622, 2403624, 2403652, 2403656, 2403677, 2403678, 2403826, 2403830, 2403838, 2403839, 2403878, 2403882, 2403888, 2522304, 2522312, 2527028, 2527030, 2527036
Detection Rate (PCAPs): 1.000000
Raw Alerts (Attacks): 2157395
Diff Alerts/Flow (Attacks): 572909
Raw Alerts (Legitimate): 27588441
Diff Alerts/Flow (Legitimate): 24818062
Raw Alerts (Total): 29745836
Usability (FP_Alerts/TP_Alerts): 12.7878
G-Mean: 0.938777

[500+CONSERVATIVE]
Active Rules: 1000
Removed SIDs: 1, 2, 3, 4, 5, 6, 12, 14, 15, 18, 19, 20, 22, 26, 28, 33, 254, 366, 368, 369, 372, 373, 381, 382, 384, 385, 396, 399, 401, 404, 408, 449, 566, 579, 649, 650, 1010, 1136, 1280, 1411, 1413, 1417, 1447, 1448, 1616, 1735, 1917, 2003, 2004, 2049, 2050, 2339, 2418, 2924, 3679, 3822, 4060, 4990, 5318, 5730, 6699, 11192, 11263, 11968, 12065, 12066, 12632, 13913, 13974, 14019, 15306, 15517, 15850, 15873, 16008, 16282, 16301, 16418, 16510, 17110, 17152, 17494, 18174, 18474, 18611, 20212, 20528, 20566, 21214, 21232, 23493, 24304, 24889, 25664, 26317, 26989, 27899, 27938, 28039, 28069, 28313, 28321, 28555, 28556, 28557, 28993, 29456, 29509, 29519, 29639, 29957, 30342, 30490, 31136, 31212, 31341, 31399, 31767, 32481, 33561, 34799, 35180, 35193, 35527, 37545, 37909, 38038, 38104, 38381, 39320, 39488, 40186, 41054, 41055, 41056, 41057, 41061, 41063, 41065, 41066, 41067, 41068, 41071, 41072, 41074, 41075, 41077, 41186, 42016, 42017, 42255, 42340, 42944, 42946, 43359, 43362, 43496, 43755, 44416, 44455, 44484, 44485, 44486, 44487, 44488, 44489, 44651, 44679, 45578, 45941, 46373, 47082, 48134, 48326, 48331, 48894, 50447, 50633, 51000, 51127, 51284, 51333, 51344, 57756, 57878, 59258, 65062, 2000428, 2000537, 2000538, 2000545, 2001117, 2001219, 2001264, 2001329, 2001330, 2001331, 2001353, 2001384, 2001404, 2001608, 2001904, 2001972, 2002749, 2002752, 2002826, 2002948, 2003006, 2003020, 2003068, 2003099, 2003310, 2003595, 2008470, 2008578, 2009582, 2009583, 2009584, 2009767, 2009768, 2009886, 2009970, 2010518, 2010816, 2010935, 2010937, 2010939, 2011368, 2011408, 2011411, 2011716, 2011764, 2012063, 2012296, 2012709, 2012710, 2012711, 2012712, 2013273, 2013479, 2014380, 2014384, 2015023, 2015856, 2016149, 2016662, 2016683, 2016778, 2018124, 2018585, 2019102, 2019401, 2020632, 2021195, 2021630, 2022218, 2023640, 2023997, 2024217, 2024766, 2024930, 2025275, 2025649, 2025650, 2025712, 2025822, 2025992, 2027390, 2027412, 2027757, 2027759, 2027865, 2029340, 2029575, 2030390, 2030835, 2031489, 2031490, 2031491, 2033078, 2034857, 2036222, 2036223, 2036252, 2036751, 2038967, 2043304, 2044666, 2045173, 2049956, 2049957, 2050281, 2053892, 2053893, 2062459, 2062460, 2100254, 2100312, 2100366, 2100368, 2100369, 2100372, 2100373, 2100381, 2100382, 2100384, 2100385, 2100396, 2100399, 2100401, 2100402, 2100404, 2100469, 2100485, 2100486, 2100524, 2100537, 2100538, 2100566, 2100579, 2100613, 2100615, 2100628, 2100649, 2100650, 2101280, 2101411, 2101413, 2101417, 2101447, 2101616, 2101917, 2102003, 2102049, 2102336, 2102465, 2102466, 2102924, 2102925, 2400005, 2400010, 2400011, 2400013, 2400014, 2400017, 2400021, 2400032, 2400033, 2400060, 2400061, 2403416, 2403501, 2403506, 2403538, 2403539, 2403540, 2403541, 2403542, 2403543, 2403550, 2403551, 2403560, 2403561, 2403578, 2403579, 2403596, 2403616, 2403618, 2403622, 2403624, 2403652, 2403656, 2403677, 2403678, 2403826, 2403830, 2403838, 2403839, 2403878, 2403882, 2403888, 2522304, 2522312, 2527028, 2527030, 2527036
Detection Rate (PCAPs): 0.845455
Raw Alerts (Attacks): 1211381
Diff Alerts/Flow (Attacks): 367033
Raw Alerts (Legitimate): 7116
Diff Alerts/Flow (Legitimate): 3682
Raw Alerts (Total): 1218497
Usability (FP_Alerts/TP_Alerts): 0.0059
G-Mean: 0.919467

[1000+CONSERVATIVE]
Active Rules: 1008
Removed SIDs: 1, 2, 3, 4, 6, 12, 14, 15, 18, 19, 20, 22, 26, 28, 33, 254, 366, 368, 369, 372, 373, 381, 382, 384, 385, 396, 399, 401, 404, 408, 449, 566, 579, 649, 650, 1010, 1136, 1280, 1411, 1413, 1417, 1447, 1448, 1616, 1735, 1917, 2003, 2004, 2049, 2050, 2339, 2418, 2924, 3679, 3822, 4060, 4990, 5318, 5730, 6699, 11263, 11968, 12065, 12066, 12632, 13913, 13974, 14019, 15517, 15850, 15873, 16008, 16282, 16301, 16418, 16510, 17110, 17152, 17494, 18174, 18474, 18611, 20212, 20528, 20566, 21214, 21232, 23493, 24304, 24889, 25664, 26317, 26989, 27899, 27938, 28039, 28069, 28313, 28321, 28555, 28556, 28557, 28993, 29456, 29509, 29519, 29639, 29957, 30342, 30490, 31136, 31212, 31341, 31399, 31767, 32481, 33561, 34799, 35180, 35193, 35527, 37545, 37909, 38038, 38104, 38381, 39320, 39488, 40186, 41054, 41055, 41056, 41057, 41061, 41063, 41065, 41066, 41067, 41068, 41071, 41072, 41074, 41075, 41077, 41186, 42016, 42017, 42255, 42340, 42944, 42946, 43359, 43362, 43496, 43755, 44416, 44455, 44484, 44485, 44486, 44487, 44488, 44489, 44651, 44679, 45578, 45941, 46373, 47082, 48134, 48326, 48331, 48894, 50447, 50633, 51000, 51127, 51284, 51333, 51344, 57756, 57878, 65062, 2000428, 2000537, 2000538, 2000545, 2001117, 2001219, 2001264, 2001329, 2001330, 2001331, 2001353, 2001384, 2001404, 2001608, 2001904, 2001972, 2002749, 2002752, 2002826, 2002948, 2003006, 2003020, 2003068, 2003099, 2003310, 2003595, 2008470, 2008578, 2009582, 2009583, 2009584, 2009767, 2009768, 2009886, 2009970, 2010518, 2010816, 2010935, 2010937, 2011368, 2011408, 2011411, 2011716, 2011764, 2012063, 2012296, 2012709, 2012710, 2012711, 2012712, 2013273, 2013479, 2014380, 2014384, 2015023, 2015856, 2016149, 2016662, 2016683, 2016778, 2018124, 2018585, 2019102, 2019401, 2020632, 2021195, 2021630, 2022218, 2023640, 2023997, 2024217, 2024766, 2024930, 2025275, 2025649, 2025650, 2025712, 2025822, 2025992, 2027390, 2027412, 2027757, 2027759, 2027865, 2029340, 2029575, 2030390, 2030835, 2031489, 2031490, 2031491, 2033078, 2034857, 2036222, 2036223, 2036252, 2036751, 2038967, 2043304, 2044666, 2045173, 2049956, 2049957, 2050281, 2053892, 2053893, 2062459, 2062460, 2100254, 2100312, 2100366, 2100368, 2100369, 2100372, 2100373, 2100381, 2100382, 2100384, 2100385, 2100396, 2100399, 2100401, 2100404, 2100485, 2100486, 2100524, 2100537, 2100538, 2100566, 2100579, 2100613, 2100628, 2100649, 2100650, 2101280, 2101411, 2101413, 2101417, 2101447, 2101616, 2101917, 2102003, 2102049, 2102336, 2102465, 2102466, 2102924, 2102925, 2400005, 2400010, 2400011, 2400013, 2400014, 2400017, 2400021, 2400032, 2400033, 2400060, 2400061, 2403416, 2403501, 2403506, 2403538, 2403539, 2403540, 2403541, 2403542, 2403543, 2403550, 2403551, 2403560, 2403561, 2403578, 2403579, 2403596, 2403616, 2403618, 2403622, 2403624, 2403652, 2403656, 2403677, 2403678, 2403826, 2403830, 2403838, 2403839, 2403878, 2403882, 2403888, 2522304, 2522312, 2527028, 2527030, 2527036
Detection Rate (PCAPs): 0.845455
Raw Alerts (Attacks): 1211708
Diff Alerts/Flow (Attacks): 367156
Raw Alerts (Legitimate): 21309
Diff Alerts/Flow (Legitimate): 10033
Raw Alerts (Total): 1233017
Usability (FP_Alerts/TP_Alerts): 0.0176
G-Mean: 0.919438

[AGRESIVE PRUNING]
Active Rules: 977
Removed SIDs: 1, 2, 3, 4, 5, 6, 7, 8, 14, 15, 18, 19, 20, 22, 26, 28, 33, 254, 368, 369, 372, 373, 381, 382, 385, 396, 399, 401, 404, 408, 449, 566, 579, 649, 650, 853, 882, 895, 1010, 1136, 1201, 1280, 1411, 1413, 1417, 1418, 1420, 1421, 1447, 1448, 1616, 1735, 1917, 2003, 2004, 2049, 2050, 2339, 2418, 2924, 3679, 3822, 4060, 4990, 5318, 6699, 11263, 11968, 12065, 12066, 12632, 13913, 13974, 14019, 15517, 15850, 15873, 16008, 16282, 16301, 16418, 16510, 16642, 17110, 17152, 17458, 17494, 18174, 18474, 18611, 20212, 20528, 20566, 21214, 21232, 22097, 23362, 23493, 23861, 24096, 24304, 24889, 25664, 26317, 26989, 27899, 27938, 28039, 28069, 28313, 28321, 28555, 28556, 28557, 28993, 29509, 29519, 29639, 29957, 30342, 30490, 31136, 31212, 31341, 31399, 32481, 33561, 34799, 35180, 35193, 35527, 37545, 37909, 38038, 38104, 38381, 39320, 39488, 40186, 41054, 41055, 41056, 41057, 41061, 41063, 41065, 41066, 41067, 41068, 41071, 41072, 41074, 41075, 41077, 41186, 42016, 42017, 42255, 42340, 42944, 42946, 43359, 43362, 43496, 43755, 43808, 44416, 44455, 44486, 44489, 44651, 44679, 45578, 45941, 46373, 47082, 48134, 48326, 48331, 48894, 49040, 50447, 50633, 51000, 51127, 51284, 51333, 51344, 57756, 57878, 59258, 59597, 65062, 2000428, 2000537, 2000538, 2000545, 2001117, 2001219, 2001264, 2001329, 2001330, 2001331, 2001353, 2001384, 2001404, 2001608, 2001904, 2001972, 2002749, 2002826, 2002948, 2003006, 2003012, 2003020, 2003068, 2003099, 2003310, 2003595, 2006408, 2006409, 2008470, 2008578, 2009151, 2009582, 2009583, 2009584, 2009767, 2009768, 2009886, 2009970, 2010518, 2010706, 2010816, 2010935, 2010936, 2010937, 2010938, 2010939, 2011368, 2011408, 2011411, 2011716, 2011764, 2012063, 2012296, 2012709, 2012710, 2012711, 2012712, 2013273, 2013479, 2013490, 2013491, 2014380, 2014384, 2015023, 2015856, 2016149, 2016662, 2016683, 2016778, 2018124, 2018585, 2019102, 2019401, 2020632, 2021195, 2021630, 2022218, 2023640, 2023753, 2023997, 2024217, 2024766, 2024930, 2025275, 2025650, 2025712, 2025822, 2027390, 2027412, 2027413, 2027757, 2027759, 2027865, 2029340, 2029575, 2030390, 2030835, 2031489, 2031490, 2031491, 2033078, 2034857, 2036222, 2036223, 2036252, 2036751, 2038967, 2043304, 2044665, 2044666, 2045173, 2049956, 2049957, 2050281, 2053892, 2053893, 2059172, 2062459, 2062460, 2100254, 2100312, 2100366, 2100368, 2100369, 2100372, 2100373, 2100381, 2100382, 2100384, 2100385, 2100396, 2100399, 2100401, 2100402, 2100404, 2100408, 2100453, 2100469, 2100472, 2100485, 2100486, 2100524, 2100525, 2100527, 2100537, 2100538, 2100566, 2100579, 2100613, 2100615, 2100628, 2100649, 2100650, 2101280, 2101413, 2101418, 2101420, 2101447, 2101616, 2101620, 2101852, 2101917, 2102003, 2102049, 2102336, 2102465, 2102466, 2102924, 2102925, 2400005, 2400010, 2400011, 2400013, 2400014, 2400017, 2400021, 2400032, 2400033, 2400060, 2400061, 2403416, 2403501, 2403506, 2403538, 2403539, 2403540, 2403541, 2403542, 2403543, 2403550, 2403551, 2403560, 2403561, 2403578, 2403579, 2403596, 2403616, 2403618, 2403622, 2403624, 2403652, 2403656, 2403677, 2403678, 2403826, 2403830, 2403838, 2403839, 2403878, 2403882, 2403888, 2522304, 2522312, 2527028, 2527030, 2527036
Detection Rate (PCAPs): 0.981818
Raw Alerts (Attacks): 1039729
Diff Alerts/Flow (Attacks): 308773
Raw Alerts (Legitimate): 2985072
Diff Alerts/Flow (Legitimate): 2440038
Raw Alerts (Total): 4024801
Usability (FP_Alerts/TP_Alerts): 2.871
G-Mean: 0.986500

